0 0.179688 0.202083 0.071875 0.050000
0 0.153125 0.622917 0.087500 0.070833
0 0.627344 0.310417 0.054688 0.116667
0 0.117188 0.404167 0.109375 0.100000
0 0.507812 0.383333 0.134375 0.054167
0 0.367188 0.589583 0.087500 0.066667
0 0.918750 0.833333 0.125000 0.125000
0 0.193750 0.181250 0.062500 0.083333
0 0.457813 0.541667 0.156250 0.141667
0 0.295312 0.877083 0.090625 0.166667
0 0.714063 0.241667 0.100000 0.133333
0 0.114062 0.420833 0.103125 0.137500
0 0.250781 0.443750 0.082812 0.112500
0 0.325000 0.766667 0.112500 0.041667
