0 0.789062 0.229167 0.068750 0.091667
0 0.511719 0.715625 0.089063 0.106250
0 0.446875 0.527083 0.100000 0.133333
0 0.289062 0.843750 0.093750 0.116667
0 0.907813 0.606250 0.137500 0.075000
0 0.525781 0.670833 0.067187 0.100000
0 0.856250 0.923958 0.084375 0.089583
0 0.840625 0.575000 0.109375 0.145833
0 0.510156 0.251042 0.057813 0.068750
0 0.887500 0.633333 0.090625 0.112500
0 0.856250 0.164583 0.143750 0.104167
0 0.600000 0.408333 0.084375 0.066667
0 0.690625 0.217708 0.084375 0.077083
0 0.367969 0.482292 0.064062 0.093750
0 0.895312 0.183333 0.131250 0.075000
0 0.575000 0.822917 0.090625 0.150000
