0 0.895312 0.439583 0.134375 0.116667
0 0.317969 0.484375 0.070312 0.072917
0 0.604688 0.160417 0.140625 0.187500
0 0.221875 0.137500 0.137500 0.095833
0 0.295312 0.445833 0.150000 0.129167
0 0.904687 0.664583 0.140625 0.187500
0 0.532813 0.587500 0.156250 0.208333
0 0.376563 0.762500 0.134375 0.179167
0 0.510938 0.708333 0.075000 0.129167
0 0.329688 0.835417 0.143750 0.191667
0 0.471875 0.147917 0.065625 0.087500
0 0.910937 0.547917 0.121875 0.162500
0 0.659375 0.741667 0.146875 0.091667
0 0.792969 0.857292 0.060937 0.114583
0 0.709375 0.595833 0.146875 0.195833
