0 0.345313 0.606250 0.071875 0.095833
0 0.190625 0.645833 0.071875 0.079167
0 0.654687 0.108333 0.137500 0.150000
0 0.635938 0.264583 0.103125 0.137500
0 0.327344 0.840625 0.060937 0.077083
0 0.831250 0.570833 0.071875 0.070833
0 0.727344 0.183333 0.060937 0.100000
0 0.442188 0.210417 0.093750 0.095833
0 0.496875 0.504167 0.137500 0.158333
0 0.728906 0.637500 0.092188 0.100000
0 0.244531 0.454167 0.070312 0.112500
0 0.143750 0.700000 0.096875 0.137500
0 0.817187 0.295833 0.065625 0.058333
0 0.229687 0.360417 0.121875 0.162500
0 0.451562 0.566667 0.065625 0.087500
