0 0.603906 0.548958 0.067187 0.081250
0 0.341406 0.816667 0.076563 0.100000
0 0.442188 0.429167 0.140625 0.145833
0 0.590625 0.375000 0.125000 0.166667
0 0.464062 0.579167 0.131250 0.175000
0 0.746875 0.858333 0.075000 0.050000
0 0.496875 0.454167 0.137500 0.183333
0 0.324219 0.346875 0.085938 0.114583
0 0.785937 0.729167 0.112500 0.062500
0 0.620313 0.316667 0.081250 0.108333
0 0.168750 0.762500 0.100000 0.133333
0 0.192188 0.698958 0.075000 0.102083
0 0.279687 0.260417 0.125000 0.166667
0 0.348438 0.177083 0.112500 0.070833
0 0.800000 0.608333 0.075000 0.058333
