0 0.120313 0.312500 0.125000 0.166667
0 0.106250 0.508333 0.140625 0.187500
0 0.868750 0.879167 0.087500 0.116667
0 0.279687 0.604167 0.103125 0.137500
0 0.862500 0.656250 0.118750 0.045833
0 0.412500 0.410417 0.153125 0.100000
0 0.678125 0.391667 0.065625 0.095833
0 0.675781 0.591667 0.079687 0.087500
0 0.235937 0.872917 0.121875 0.162500
0 0.699219 0.226042 0.048438 0.072917
0 0.743750 0.233333 0.156250 0.208333
0 0.603125 0.181250 0.125000 0.162500
0 0.263281 0.541667 0.073438 0.125000
0 0.928125 0.779167 0.075000 0.125000
