0 0.900000 0.485417 0.140625 0.112500
0 0.467187 0.489583 0.131250 0.100000
0 0.504687 0.700000 0.062500 0.100000
0 0.668750 0.489583 0.090625 0.108333
0 0.257812 0.287500 0.068750 0.100000
0 0.718750 0.858333 0.062500 0.104167
0 0.128125 0.572917 0.071875 0.095833
0 0.851562 0.841667 0.062500 0.125000
0 0.106250 0.768750 0.128125 0.170833
0 0.671875 0.735417 0.071875 0.083333
0 0.148438 0.818750 0.062500 0.083333
0 0.776563 0.618750 0.112500 0.133333
0 0.121875 0.831250 0.065625 0.095833
0 0.875000 0.310417 0.087500 0.116667
0 0.509375 0.243750 0.118750 0.158333
