0 0.556250 0.612500 0.137500 0.183333
0 0.157812 0.647917 0.153125 0.204167
0 0.258594 0.429167 0.054688 0.083333
0 0.459375 0.681250 0.062500 0.083333
0 0.795312 0.687500 0.118750 0.158333
0 0.346875 0.637500 0.146875 0.195833
0 0.114062 0.307292 0.053125 0.089583
0 0.253125 0.809375 0.084375 0.068750
0 0.560156 0.200000 0.085938 0.066667
0 0.427344 0.391667 0.073438 0.083333
0 0.199219 0.171875 0.060937 0.097917
0 0.371875 0.706250 0.068750 0.070833
0 0.515625 0.670833 0.071875 0.095833
0 0.817187 0.333333 0.046875 0.112500
0 0.121875 0.656250 0.125000 0.075000
0 0.642188 0.460417 0.109375 0.145833
