0 0.484375 0.741667 0.081250 0.108333
0 0.292187 0.668750 0.153125 0.204167
0 0.646875 0.808333 0.078125 0.095833
0 0.862500 0.827083 0.059375 0.095833
0 0.104688 0.364583 0.100000 0.133333
0 0.570312 0.515625 0.093750 0.122917
0 0.284375 0.718750 0.090625 0.120833
0 0.391406 0.290625 0.073438 0.110417
0 0.242188 0.863542 0.068750 0.068750
0 0.248438 0.741667 0.093750 0.087500
0 0.864062 0.776042 0.050000 0.102083
0 0.443750 0.318750 0.065625 0.125000
0 0.915625 0.772917 0.075000 0.075000
0 0.103125 0.427083 0.118750 0.158333
0 0.942969 0.245833 0.085938 0.075000
0 0.528125 0.256250 0.118750 0.083333
