0 0.127344 0.348958 0.048438 0.064583
0 0.199219 0.875000 0.076563 0.125000
0 0.695312 0.210417 0.093750 0.125000
0 0.828906 0.765625 0.051562 0.072917
0 0.860938 0.127083 0.062500 0.083333
0 0.873437 0.268750 0.150000 0.062500
0 0.328125 0.581250 0.065625 0.145833
0 0.476562 0.225000 0.150000 0.200000
0 0.898438 0.804167 0.137500 0.125000
0 0.533594 0.280208 0.092188 0.114583
0 0.603125 0.883333 0.143750 0.191667
0 0.600000 0.435417 0.137500 0.062500
0 0.900000 0.337500 0.143750 0.191667
0 0.230469 0.604167 0.089063 0.075000
