0 0.287500 0.162500 0.065625 0.087500
0 0.273438 0.639583 0.059375 0.083333
0 0.304688 0.406250 0.103125 0.041667
0 0.702344 0.191667 0.054688 0.091667
0 0.740625 0.691667 0.112500 0.125000
0 0.139063 0.720833 0.093750 0.041667
0 0.889062 0.437500 0.096875 0.095833
0 0.167187 0.289583 0.071875 0.133333
0 0.182812 0.433333 0.143750 0.054167
0 0.410938 0.685417 0.078125 0.104167
0 0.559375 0.768750 0.078125 0.104167
0 0.222656 0.618750 0.073438 0.100000
0 0.564844 0.548958 0.085938 0.077083
0 0.268750 0.735417 0.125000 0.070833
0 0.364063 0.814583 0.153125 0.075000
