0 0.115625 0.691667 0.131250 0.154167
0 0.348438 0.206250 0.065625 0.091667
0 0.574219 0.403125 0.064062 0.118750
0 0.290625 0.685417 0.125000 0.041667
0 0.850000 0.139583 0.065625 0.087500
0 0.959375 0.488542 0.093750 0.064583
0 0.210938 0.635417 0.075000 0.100000
0 0.884375 0.193750 0.150000 0.062500
0 0.610156 0.508333 0.085938 0.083333
0 0.892188 0.504167 0.103125 0.087500
0 0.284375 0.354167 0.106250 0.150000
0 0.918750 0.297917 0.146875 0.195833
0 0.407813 0.748958 0.065625 0.097917
0 0.776563 0.193750 0.078125 0.162500
