0 0.181250 0.260417 0.056250 0.116667
0 0.539062 0.712500 0.062500 0.104167
0 0.514062 0.814583 0.100000 0.079167
0 0.293750 0.477083 0.075000 0.100000
0 0.378125 0.596875 0.071875 0.114583
0 0.640625 0.866667 0.150000 0.200000
0 0.492188 0.366667 0.128125 0.170833
0 0.131250 0.441667 0.090625 0.120833
0 0.600000 0.452083 0.106250 0.141667
0 0.100000 0.595833 0.084375 0.112500
0 0.107813 0.821875 0.050000 0.072917
0 0.879687 0.775000 0.137500 0.075000
0 0.150000 0.766667 0.146875 0.070833
0 0.579688 0.610417 0.071875 0.095833
0 0.490625 0.672917 0.053125 0.120833
0 0.725000 0.287500 0.109375 0.145833
