0 0.420312 0.270833 0.112500 0.150000
0 0.098437 0.287500 0.062500 0.137500
0 0.371094 0.393750 0.064062 0.079167
0 0.509375 0.710417 0.140625 0.187500
0 0.587500 0.895833 0.146875 0.195833
0 0.228125 0.541667 0.100000 0.133333
0 0.843750 0.231250 0.059375 0.120833
0 0.782813 0.245833 0.062500 0.083333
0 0.779687 0.318750 0.093750 0.141667
0 0.370312 0.656250 0.071875 0.075000
0 0.478125 0.408333 0.156250 0.208333
0 0.340625 0.731250 0.121875 0.162500
0 0.515625 0.262500 0.128125 0.170833
0 0.296875 0.597917 0.109375 0.145833
0 0.709375 0.716667 0.112500 0.150000
