0 0.522656 0.889583 0.070312 0.120833
0 0.215625 0.846875 0.071875 0.081250
0 0.779687 0.116667 0.118750 0.166667
0 0.246875 0.472917 0.093750 0.120833
0 0.865625 0.872917 0.065625 0.083333
0 0.590625 0.269792 0.093750 0.077083
0 0.115625 0.836458 0.071875 0.102083
0 0.557813 0.295833 0.075000 0.100000
0 0.453125 0.644792 0.075000 0.093750
0 0.721875 0.154167 0.065625 0.087500
0 0.562500 0.243750 0.062500 0.066667
0 0.142187 0.379167 0.134375 0.112500
0 0.292187 0.797917 0.081250 0.062500
0 0.510938 0.339583 0.090625 0.120833
0 0.360156 0.170833 0.079687 0.066667
0 0.629687 0.170833 0.056250 0.066667
