0 0.267188 0.439583 0.093750 0.120833
0 0.568750 0.175000 0.065625 0.158333
0 0.740625 0.825000 0.071875 0.158333
0 0.177344 0.221875 0.076563 0.102083
0 0.923438 0.708333 0.090625 0.062500
0 0.182031 0.426042 0.085938 0.106250
0 0.710938 0.795833 0.121875 0.062500
0 0.120313 0.779167 0.150000 0.200000
0 0.493750 0.533333 0.065625 0.062500
0 0.551562 0.629167 0.131250 0.108333
0 0.567187 0.286458 0.078125 0.118750
0 0.643750 0.414583 0.156250 0.208333
0 0.248438 0.414583 0.128125 0.050000
0 0.814063 0.545833 0.153125 0.166667
0 0.729688 0.537500 0.096875 0.129167
0 0.262500 0.277083 0.071875 0.104167
