0 0.371094 0.908333 0.076563 0.066667
0 0.085938 0.689583 0.121875 0.162500
0 0.396875 0.650000 0.062500 0.083333
0 0.190625 0.404167 0.081250 0.112500
0 0.933594 0.634375 0.070312 0.085417
0 0.104688 0.416667 0.153125 0.204167
0 0.310937 0.647917 0.096875 0.141667
0 0.214844 0.580208 0.085938 0.110417
0 0.432812 0.487500 0.128125 0.170833
0 0.242188 0.693750 0.131250 0.112500
0 0.448437 0.475000 0.143750 0.104167
0 0.856250 0.139583 0.146875 0.195833
0 0.234375 0.118750 0.146875 0.166667
0 0.407813 0.470833 0.075000 0.100000
0 0.223438 0.717708 0.059375 0.114583
0 0.468750 0.852083 0.071875 0.095833
