0 0.128125 0.793750 0.100000 0.108333
0 0.651563 0.239583 0.118750 0.158333
0 0.655469 0.706250 0.079687 0.116667
0 0.126562 0.887500 0.065625 0.087500
0 0.171875 0.518750 0.106250 0.162500
0 0.534375 0.911458 0.059375 0.122917
0 0.667188 0.518750 0.065625 0.087500
0 0.921875 0.655208 0.081250 0.089583
0 0.381250 0.422917 0.096875 0.095833
0 0.154688 0.472917 0.128125 0.091667
0 0.292187 0.204167 0.121875 0.162500
0 0.771875 0.433333 0.090625 0.158333
0 0.445312 0.204167 0.121875 0.162500
0 0.137500 0.723958 0.075000 0.097917
