0 0.588281 0.258333 0.079687 0.104167
0 0.375000 0.542708 0.050000 0.102083
0 0.485938 0.441667 0.090625 0.070833
0 0.507812 0.339583 0.090625 0.120833
0 0.501563 0.742708 0.081250 0.093750
0 0.734375 0.756250 0.087500 0.050000
0 0.687500 0.343750 0.146875 0.195833
0 0.657031 0.470833 0.051562 0.095833
0 0.784375 0.237500 0.100000 0.133333
0 0.445312 0.887500 0.084375 0.120833
0 0.757031 0.514583 0.085938 0.070833
0 0.823438 0.465625 0.078125 0.110417
0 0.399219 0.722917 0.082812 0.075000
0 0.717187 0.275000 0.093750 0.125000
0 0.911719 0.784375 0.076563 0.093750
0 0.332813 0.864583 0.065625 0.087500
