0 0.759375 0.447917 0.090625 0.120833
0 0.385156 0.918750 0.054688 0.087500
0 0.796875 0.735417 0.087500 0.116667
0 0.473438 0.905208 0.087500 0.085417
0 0.332813 0.777083 0.065625 0.087500
0 0.790625 0.375000 0.075000 0.083333
0 0.626563 0.828125 0.053125 0.077083
0 0.434375 0.272917 0.068750 0.091667
0 0.442188 0.468750 0.096875 0.070833
0 0.640625 0.658333 0.096875 0.141667
0 0.765625 0.516667 0.128125 0.112500
0 0.720313 0.481250 0.090625 0.120833
0 0.342187 0.166667 0.078125 0.145833
0 0.950000 0.240625 0.056250 0.085417
