0 0.309375 0.787500 0.153125 0.100000
0 0.332813 0.604167 0.096875 0.070833
0 0.192188 0.931250 0.075000 0.095833
0 0.427344 0.303125 0.057813 0.118750
0 0.262500 0.923958 0.090625 0.072917
0 0.279687 0.768750 0.103125 0.137500
0 0.321875 0.433333 0.059375 0.070833
0 0.701562 0.537500 0.062500 0.083333
0 0.231250 0.633333 0.093750 0.125000
0 0.453125 0.864583 0.115625 0.154167
0 0.676562 0.820833 0.134375 0.179167
0 0.790625 0.677083 0.065625 0.079167
0 0.893750 0.804167 0.131250 0.145833
0 0.510938 0.447917 0.156250 0.091667
