0 0.752344 0.313542 0.057813 0.064583
0 0.558594 0.534375 0.085938 0.064583
0 0.287500 0.245833 0.081250 0.108333
0 0.274219 0.764583 0.076563 0.070833
0 0.798438 0.572917 0.078125 0.054167
0 0.497656 0.210417 0.060937 0.104167
0 0.750000 0.110417 0.109375 0.145833
0 0.784375 0.662500 0.065625 0.087500
0 0.646875 0.116667 0.131250 0.116667
0 0.428125 0.545833 0.065625 0.116667
0 0.458594 0.629167 0.070312 0.062500
0 0.304688 0.420833 0.112500 0.150000
0 0.720313 0.575000 0.046875 0.112500
0 0.176563 0.162500 0.084375 0.112500
