0 0.544531 0.544792 0.057813 0.110417
0 0.184375 0.360417 0.084375 0.112500
0 0.107813 0.245833 0.140625 0.187500
0 0.829688 0.818750 0.100000 0.087500
0 0.254688 0.740625 0.053125 0.081250
0 0.296875 0.120833 0.143750 0.075000
0 0.471875 0.456250 0.093750 0.125000
0 0.710938 0.556250 0.143750 0.141667
0 0.146875 0.858333 0.062500 0.066667
0 0.653125 0.506250 0.125000 0.091667
0 0.331250 0.485417 0.150000 0.200000
0 0.902344 0.384375 0.051562 0.122917
0 0.295312 0.464583 0.103125 0.125000
0 0.096875 0.122917 0.096875 0.129167
