0 0.176563 0.320833 0.150000 0.200000
0 0.095312 0.197917 0.100000 0.075000
0 0.859375 0.270833 0.090625 0.062500
0 0.314063 0.410417 0.093750 0.125000
0 0.568750 0.416667 0.109375 0.166667
0 0.405469 0.235417 0.076563 0.079167
0 0.465625 0.145833 0.065625 0.087500
0 0.417187 0.718750 0.075000 0.100000
0 0.446094 0.394792 0.076563 0.093750
0 0.807813 0.829167 0.134375 0.054167
0 0.146094 0.212500 0.064062 0.116667
0 0.521875 0.450000 0.146875 0.095833
0 0.920312 0.404167 0.071875 0.095833
0 0.196875 0.166667 0.150000 0.200000
