0 0.687500 0.570833 0.140625 0.187500
0 0.518750 0.204167 0.153125 0.204167
0 0.549219 0.555208 0.085938 0.118750
0 0.559375 0.402083 0.137500 0.183333
0 0.195312 0.164583 0.140625 0.187500
0 0.671875 0.260417 0.128125 0.170833
0 0.212500 0.677083 0.062500 0.108333
0 0.875000 0.679167 0.150000 0.200000
0 0.228125 0.308333 0.071875 0.045833
0 0.926562 0.913542 0.059375 0.097917
0 0.871875 0.166667 0.156250 0.208333
0 0.857812 0.145833 0.065625 0.154167
0 0.683594 0.886458 0.089063 0.106250
0 0.908594 0.517708 0.092188 0.077083
0 0.704688 0.927083 0.065625 0.087500
0 0.887500 0.335417 0.059375 0.087500
