0 0.298438 0.720833 0.068750 0.091667
0 0.695312 0.268750 0.109375 0.145833
0 0.189062 0.459375 0.084375 0.122917
0 0.853125 0.402083 0.075000 0.100000
0 0.812500 0.329167 0.137500 0.183333
0 0.607812 0.450000 0.068750 0.104167
0 0.106250 0.393750 0.081250 0.129167
0 0.546875 0.762500 0.134375 0.179167
0 0.617969 0.596875 0.060937 0.093750
0 0.640625 0.208333 0.087500 0.104167
0 0.609375 0.843750 0.090625 0.120833
0 0.112500 0.562500 0.115625 0.062500
0 0.107813 0.779167 0.093750 0.116667
0 0.230469 0.357292 0.076563 0.114583
0 0.548438 0.839583 0.156250 0.091667
0 0.954688 0.441667 0.084375 0.104167
