0 0.526563 0.408333 0.115625 0.100000
0 0.357812 0.806250 0.106250 0.141667
0 0.248438 0.610417 0.078125 0.083333
0 0.917188 0.731250 0.140625 0.075000
0 0.703125 0.458333 0.053125 0.125000
0 0.500000 0.516667 0.100000 0.083333
0 0.260937 0.500000 0.103125 0.058333
0 0.251563 0.270833 0.065625 0.112500
0 0.346875 0.752083 0.125000 0.112500
0 0.634375 0.131250 0.065625 0.108333
0 0.320312 0.729167 0.146875 0.062500
0 0.823438 0.597917 0.087500 0.116667
0 0.256250 0.710417 0.090625 0.083333
0 0.382812 0.656250 0.096875 0.129167
0 0.584375 0.266667 0.112500 0.150000
0 0.704688 0.810417 0.062500 0.041667
