0 0.954688 0.483333 0.084375 0.062500
0 0.096875 0.147917 0.081250 0.054167
0 0.281250 0.214583 0.068750 0.091667
0 0.532031 0.328125 0.048438 0.089583
0 0.278125 0.831250 0.068750 0.091667
0 0.332813 0.354167 0.146875 0.137500
0 0.823438 0.512500 0.140625 0.187500
0 0.442188 0.345833 0.068750 0.116667
0 0.814063 0.252083 0.109375 0.145833
0 0.335938 0.475000 0.071875 0.158333
0 0.696875 0.600000 0.062500 0.083333
0 0.550000 0.633333 0.106250 0.141667
0 0.433594 0.700000 0.067187 0.095833
0 0.612500 0.170833 0.081250 0.054167
0 0.548438 0.283333 0.068750 0.091667
