0 0.612500 0.797917 0.103125 0.137500
0 0.104688 0.318750 0.093750 0.091667
0 0.223438 0.787500 0.112500 0.120833
0 0.521875 0.666667 0.153125 0.204167
0 0.434375 0.693750 0.109375 0.079167
0 0.300000 0.160417 0.109375 0.120833
0 0.645312 0.610417 0.150000 0.200000
0 0.629687 0.205208 0.087500 0.093750
0 0.210938 0.216667 0.118750 0.054167
0 0.829688 0.510417 0.068750 0.116667
0 0.653125 0.379167 0.125000 0.166667
0 0.509375 0.543750 0.087500 0.091667
0 0.781250 0.606250 0.103125 0.154167
0 0.717969 0.533333 0.076563 0.112500
