0 0.170313 0.639583 0.062500 0.112500
0 0.686719 0.292708 0.057813 0.085417
0 0.651563 0.785417 0.087500 0.050000
0 0.235937 0.164583 0.153125 0.204167
0 0.081250 0.137500 0.062500 0.083333
0 0.354687 0.891667 0.096875 0.054167
0 0.685937 0.511458 0.053125 0.102083
0 0.732812 0.506250 0.087500 0.116667
0 0.534375 0.870833 0.106250 0.150000
0 0.365625 0.197917 0.146875 0.195833
0 0.425000 0.526042 0.071875 0.106250
0 0.333594 0.420833 0.073438 0.087500
0 0.368750 0.256250 0.075000 0.116667
0 0.595313 0.681250 0.137500 0.070833
0 0.262500 0.543750 0.087500 0.116667
0 0.342187 0.395833 0.096875 0.104167
