0 0.234375 0.366667 0.106250 0.137500
0 0.168750 0.304167 0.140625 0.100000
0 0.654687 0.546875 0.081250 0.097917
0 0.104688 0.847917 0.093750 0.125000
0 0.553906 0.487500 0.054688 0.079167
0 0.082812 0.733333 0.134375 0.179167
0 0.256250 0.944792 0.090625 0.106250
0 0.193750 0.775000 0.140625 0.045833
0 0.573438 0.683333 0.065625 0.070833
0 0.340625 0.320833 0.096875 0.100000
0 0.871875 0.345833 0.068750 0.091667
0 0.629687 0.685417 0.065625 0.087500
0 0.824219 0.415625 0.082812 0.114583
0 0.835938 0.431250 0.087500 0.116667
