0 0.392188 0.693750 0.134375 0.108333
0 0.525000 0.708333 0.156250 0.208333
0 0.545312 0.395833 0.146875 0.100000
0 0.646875 0.462500 0.125000 0.120833
0 0.696094 0.281250 0.073438 0.087500
0 0.557813 0.666667 0.150000 0.116667
0 0.767188 0.579167 0.140625 0.041667
0 0.116406 0.725000 0.057813 0.108333
0 0.918750 0.581250 0.143750 0.191667
0 0.506250 0.135417 0.125000 0.145833
0 0.839063 0.928125 0.068750 0.102083
0 0.728125 0.385417 0.075000 0.091667
0 0.843750 0.758333 0.050000 0.120833
0 0.950000 0.167708 0.078125 0.110417
0 0.220312 0.716667 0.053125 0.104167
0 0.295312 0.300000 0.115625 0.154167
