0 0.381250 0.316667 0.109375 0.095833
0 0.323437 0.639583 0.106250 0.058333
0 0.684375 0.622917 0.118750 0.158333
0 0.243750 0.506250 0.071875 0.095833
0 0.459375 0.104167 0.153125 0.062500
0 0.217188 0.837500 0.090625 0.120833
0 0.557031 0.629167 0.082812 0.062500
0 0.151562 0.552083 0.115625 0.083333
0 0.896875 0.345833 0.090625 0.062500
0 0.821094 0.382292 0.076563 0.110417
0 0.231250 0.216667 0.118750 0.125000
0 0.810937 0.608333 0.084375 0.083333
0 0.225000 0.706250 0.093750 0.125000
0 0.234375 0.116667 0.103125 0.150000
0 0.529687 0.662500 0.143750 0.087500
