0 0.124219 0.236458 0.048438 0.081250
0 0.248438 0.106250 0.078125 0.104167
0 0.390625 0.812500 0.081250 0.108333
0 0.659375 0.527083 0.131250 0.083333
0 0.652344 0.440625 0.089063 0.106250
0 0.510938 0.720833 0.096875 0.129167
0 0.506250 0.893750 0.093750 0.125000
0 0.600781 0.730208 0.051562 0.077083
0 0.525000 0.177083 0.075000 0.066667
0 0.756250 0.842708 0.090625 0.102083
0 0.729688 0.395833 0.062500 0.100000
0 0.284375 0.158333 0.096875 0.129167
0 0.781250 0.154167 0.146875 0.195833
0 0.389062 0.470833 0.093750 0.041667
0 0.709375 0.433333 0.153125 0.204167
0 0.187500 0.216667 0.128125 0.154167
