0 0.326562 0.122917 0.153125 0.204167
0 0.250000 0.193750 0.062500 0.083333
0 0.840625 0.478125 0.087500 0.114583
0 0.396875 0.629167 0.109375 0.066667
0 0.237500 0.326042 0.093750 0.093750
0 0.292969 0.920833 0.067187 0.125000
0 0.379688 0.445833 0.112500 0.083333
0 0.485156 0.483333 0.064062 0.108333
0 0.171875 0.227083 0.125000 0.166667
0 0.665625 0.666667 0.100000 0.129167
0 0.900000 0.779167 0.065625 0.070833
0 0.171875 0.133333 0.068750 0.091667
0 0.081250 0.491667 0.103125 0.137500
0 0.201563 0.701042 0.081250 0.110417
0 0.728125 0.570833 0.118750 0.129167
