0 0.514844 0.721875 0.060937 0.114583
0 0.379688 0.457292 0.068750 0.072917
0 0.420312 0.843750 0.071875 0.095833
0 0.090625 0.204167 0.100000 0.116667
0 0.879687 0.145833 0.137500 0.183333
0 0.528125 0.616667 0.125000 0.166667
0 0.195312 0.875000 0.046875 0.066667
0 0.446875 0.558333 0.134375 0.087500
0 0.659375 0.177083 0.128125 0.170833
0 0.465625 0.466667 0.093750 0.070833
0 0.418750 0.209375 0.050000 0.097917
0 0.460938 0.670833 0.143750 0.050000
0 0.682031 0.853125 0.076563 0.085417
0 0.756250 0.827083 0.143750 0.108333
