0 0.505469 0.430208 0.089063 0.072917
0 0.420312 0.366667 0.146875 0.166667
0 0.896875 0.408333 0.143750 0.191667
0 0.418750 0.514583 0.090625 0.145833
0 0.871094 0.503125 0.054688 0.081250
0 0.616406 0.282292 0.092188 0.097917
0 0.246875 0.333333 0.056250 0.062500
0 0.833594 0.331250 0.048438 0.062500
0 0.521094 0.567708 0.073438 0.085417
0 0.214062 0.439583 0.115625 0.154167
0 0.889062 0.578125 0.059375 0.110417
0 0.866406 0.908333 0.057813 0.104167
0 0.568750 0.750000 0.090625 0.075000
0 0.874219 0.641667 0.070312 0.112500
0 0.894531 0.236458 0.092188 0.122917
0 0.478125 0.206250 0.128125 0.141667
