0 0.537500 0.570833 0.093750 0.100000
0 0.659375 0.147917 0.106250 0.141667
0 0.260156 0.745833 0.051562 0.108333
0 0.140625 0.489583 0.106250 0.162500
0 0.780469 0.659375 0.070312 0.068750
0 0.782813 0.447917 0.118750 0.158333
0 0.383594 0.697917 0.054688 0.095833
0 0.799219 0.590625 0.070312 0.118750
0 0.457813 0.816667 0.150000 0.200000
0 0.154688 0.715625 0.056250 0.089583
0 0.442188 0.870833 0.071875 0.120833
0 0.732031 0.902083 0.092188 0.108333
0 0.243750 0.222917 0.090625 0.120833
0 0.682813 0.892708 0.078125 0.106250
0 0.128125 0.562500 0.068750 0.095833
