0 0.709375 0.560417 0.065625 0.091667
0 0.414062 0.327083 0.121875 0.162500
0 0.375000 0.345833 0.075000 0.100000
0 0.242969 0.727083 0.048438 0.108333
0 0.265625 0.715625 0.081250 0.077083
0 0.918750 0.477083 0.075000 0.066667
0 0.231250 0.685417 0.071875 0.145833
0 0.303906 0.344792 0.054688 0.089583
0 0.857812 0.385417 0.062500 0.083333
0 0.487500 0.835417 0.137500 0.183333
0 0.418750 0.835417 0.128125 0.170833
0 0.439844 0.566667 0.085938 0.091667
0 0.835938 0.147917 0.075000 0.100000
0 0.521875 0.468750 0.103125 0.137500
0 0.658594 0.544792 0.092188 0.118750
