0 0.364063 0.805208 0.090625 0.081250
0 0.200781 0.660417 0.085938 0.112500
0 0.101562 0.589583 0.118750 0.158333
0 0.275000 0.156250 0.078125 0.104167
0 0.228125 0.537500 0.087500 0.100000
0 0.182031 0.435417 0.054688 0.112500
0 0.225000 0.770833 0.137500 0.041667
0 0.157812 0.533333 0.068750 0.062500
0 0.895312 0.458333 0.093750 0.129167
0 0.543750 0.339583 0.125000 0.166667
0 0.400000 0.573958 0.090625 0.106250
0 0.721094 0.178125 0.076563 0.072917
0 0.325000 0.669792 0.084375 0.122917
0 0.404687 0.333333 0.150000 0.075000
