0 0.410156 0.776042 0.051562 0.118750
0 0.760938 0.225000 0.112500 0.150000
0 0.159375 0.593750 0.153125 0.079167
0 0.510938 0.460417 0.059375 0.070833
0 0.556250 0.797917 0.134375 0.112500
0 0.214062 0.631250 0.075000 0.120833
0 0.553125 0.520833 0.081250 0.079167
0 0.790625 0.616667 0.140625 0.158333
0 0.471875 0.485417 0.153125 0.204167
0 0.897656 0.868750 0.070312 0.075000
0 0.609375 0.131250 0.065625 0.083333
0 0.753906 0.239583 0.048438 0.100000
0 0.896875 0.627083 0.143750 0.162500
0 0.639844 0.723958 0.051562 0.097917
