0 0.598437 0.152083 0.121875 0.162500
0 0.683594 0.487500 0.064062 0.112500
0 0.592187 0.250000 0.096875 0.129167
0 0.698438 0.820833 0.106250 0.141667
0 0.628125 0.606250 0.068750 0.091667
0 0.401562 0.460417 0.059375 0.070833
0 0.900781 0.740625 0.067187 0.110417
0 0.582812 0.808333 0.115625 0.154167
0 0.378125 0.562500 0.062500 0.083333
0 0.350000 0.650000 0.065625 0.108333
0 0.675000 0.883333 0.093750 0.125000
0 0.676562 0.889583 0.062500 0.083333
0 0.885938 0.490625 0.087500 0.068750
0 0.295312 0.277083 0.121875 0.162500
0 0.791406 0.584375 0.079687 0.081250
