0 0.325000 0.665625 0.053125 0.081250
0 0.176563 0.283333 0.128125 0.120833
0 0.381250 0.435417 0.065625 0.116667
0 0.356250 0.625000 0.109375 0.145833
0 0.301563 0.214583 0.084375 0.070833
0 0.460938 0.459375 0.050000 0.097917
0 0.733594 0.303125 0.057813 0.072917
0 0.555469 0.620833 0.082812 0.095833
0 0.739062 0.604167 0.150000 0.200000
0 0.660937 0.500000 0.153125 0.050000
0 0.129688 0.696875 0.071875 0.068750
0 0.104688 0.516667 0.081250 0.158333
0 0.189062 0.309375 0.087500 0.081250
0 0.532813 0.529167 0.115625 0.154167
0 0.379688 0.247917 0.109375 0.070833
0 0.446875 0.454167 0.068750 0.091667
