0 0.825000 0.137500 0.065625 0.104167
0 0.831250 0.670833 0.125000 0.145833
0 0.564063 0.239583 0.153125 0.204167
0 0.314063 0.470833 0.134375 0.179167
0 0.745313 0.447917 0.140625 0.087500
0 0.584375 0.310417 0.087500 0.141667
0 0.901563 0.504167 0.081250 0.108333
0 0.090625 0.818750 0.125000 0.045833
0 0.915625 0.710417 0.103125 0.062500
0 0.818750 0.200000 0.071875 0.095833
0 0.401562 0.685417 0.118750 0.129167
0 0.478125 0.658333 0.134375 0.179167
0 0.621875 0.206250 0.156250 0.104167
0 0.575000 0.450000 0.112500 0.091667
0 0.248438 0.708333 0.081250 0.058333
0 0.539062 0.710417 0.096875 0.129167
