0 0.439063 0.589583 0.109375 0.145833
0 0.700000 0.841667 0.093750 0.125000
0 0.712500 0.400000 0.109375 0.145833
0 0.214062 0.377083 0.118750 0.158333
0 0.540625 0.395833 0.150000 0.116667
0 0.631250 0.216667 0.118750 0.108333
0 0.559375 0.200000 0.143750 0.062500
0 0.875000 0.862500 0.103125 0.141667
0 0.209375 0.168750 0.065625 0.158333
0 0.843750 0.606250 0.134375 0.179167
0 0.714063 0.162500 0.100000 0.133333
0 0.140625 0.516667 0.131250 0.175000
0 0.135156 0.930208 0.073438 0.085417
0 0.140625 0.120833 0.068750 0.091667
0 0.907813 0.741667 0.081250 0.108333
