0 0.415625 0.608333 0.093750 0.066667
0 0.648438 0.497917 0.131250 0.162500
0 0.659375 0.668750 0.068750 0.091667
0 0.809375 0.877083 0.078125 0.104167
0 0.823438 0.539583 0.046875 0.104167
0 0.226562 0.729167 0.128125 0.170833
0 0.321875 0.589583 0.150000 0.200000
0 0.839063 0.720833 0.156250 0.208333
0 0.675000 0.114583 0.121875 0.150000
0 0.428125 0.672917 0.109375 0.070833
0 0.725000 0.533333 0.068750 0.129167
0 0.262500 0.668750 0.075000 0.100000
0 0.256250 0.385417 0.125000 0.166667
0 0.573438 0.554167 0.134375 0.041667
0 0.548438 0.193750 0.093750 0.133333
