0 0.185938 0.226042 0.075000 0.118750
0 0.578125 0.854167 0.078125 0.091667
0 0.918750 0.293750 0.065625 0.087500
0 0.165625 0.432292 0.075000 0.110417
0 0.310937 0.804167 0.062500 0.062500
0 0.087500 0.847917 0.062500 0.108333
0 0.868750 0.781250 0.081250 0.108333
0 0.471094 0.862500 0.089063 0.095833
0 0.647656 0.847917 0.054688 0.070833
0 0.593750 0.552083 0.062500 0.083333
0 0.871875 0.231250 0.146875 0.108333
0 0.632812 0.714583 0.156250 0.062500
0 0.800000 0.512500 0.109375 0.145833
0 0.932031 0.167708 0.070312 0.118750
