0 0.692969 0.919792 0.070312 0.085417
0 0.828125 0.182292 0.046875 0.077083
0 0.378125 0.472917 0.071875 0.095833
0 0.504687 0.414583 0.153125 0.204167
0 0.535937 0.797917 0.143750 0.045833
0 0.507812 0.437500 0.143750 0.104167
0 0.281250 0.591667 0.153125 0.087500
0 0.476562 0.781250 0.109375 0.145833
0 0.409375 0.772917 0.140625 0.050000
0 0.240625 0.668750 0.090625 0.100000
0 0.300000 0.550000 0.075000 0.100000
0 0.359375 0.712500 0.137500 0.183333
0 0.350781 0.398958 0.085938 0.110417
0 0.729688 0.841667 0.137500 0.041667
