0 0.165625 0.287500 0.143750 0.091667
0 0.746094 0.872917 0.048438 0.112500
0 0.742188 0.458333 0.153125 0.050000
0 0.259375 0.575000 0.153125 0.204167
0 0.584375 0.541667 0.078125 0.112500
0 0.729688 0.383333 0.093750 0.125000
0 0.656250 0.108333 0.062500 0.083333
0 0.890625 0.362500 0.125000 0.066667
0 0.808594 0.407292 0.085938 0.064583
0 0.414844 0.405208 0.048438 0.106250
0 0.773438 0.229167 0.121875 0.066667
0 0.237500 0.443750 0.156250 0.208333
0 0.785937 0.768750 0.075000 0.083333
0 0.251563 0.393750 0.090625 0.075000
0 0.534375 0.687500 0.143750 0.191667
