0 0.628125 0.290625 0.065625 0.085417
0 0.351562 0.508333 0.134375 0.108333
0 0.329688 0.112500 0.068750 0.091667
0 0.718750 0.272917 0.071875 0.066667
0 0.278125 0.237500 0.071875 0.150000
0 0.217188 0.177083 0.143750 0.191667
0 0.513281 0.232292 0.060937 0.114583
0 0.248438 0.460417 0.075000 0.100000
0 0.650000 0.418750 0.121875 0.108333
0 0.390625 0.391667 0.118750 0.158333
0 0.735156 0.867708 0.076563 0.081250
0 0.904687 0.870833 0.081250 0.108333
0 0.418750 0.775000 0.143750 0.083333
0 0.265625 0.235417 0.153125 0.062500
0 0.618750 0.870833 0.131250 0.125000
0 0.320312 0.775000 0.103125 0.162500
