0 0.867188 0.554167 0.087500 0.062500
0 0.598437 0.789583 0.115625 0.162500
0 0.310937 0.883333 0.068750 0.050000
0 0.184375 0.550000 0.106250 0.075000
0 0.838281 0.398958 0.082812 0.102083
0 0.478125 0.652083 0.140625 0.100000
0 0.726562 0.495833 0.103125 0.137500
0 0.453906 0.302083 0.060937 0.104167
0 0.948438 0.667708 0.093750 0.081250
0 0.689063 0.564583 0.100000 0.133333
0 0.178125 0.764583 0.075000 0.120833
0 0.565625 0.597917 0.068750 0.091667
0 0.810937 0.168750 0.075000 0.100000
0 0.764844 0.606250 0.073438 0.104167
0 0.565625 0.266667 0.131250 0.175000
