0 0.220312 0.582292 0.071875 0.089583
0 0.851562 0.183333 0.131250 0.087500
0 0.207813 0.700000 0.071875 0.095833
0 0.329688 0.504167 0.100000 0.133333
0 0.575000 0.293750 0.071875 0.095833
0 0.093750 0.822917 0.121875 0.062500
0 0.468750 0.585417 0.068750 0.125000
0 0.500000 0.734375 0.093750 0.072917
0 0.771094 0.691667 0.085938 0.066667
0 0.667188 0.693750 0.128125 0.050000
0 0.564063 0.229167 0.128125 0.170833
0 0.762500 0.670833 0.084375 0.091667
0 0.160938 0.689583 0.081250 0.125000
0 0.351562 0.689583 0.046875 0.062500
