0 0.607812 0.360417 0.146875 0.158333
0 0.776563 0.125000 0.087500 0.116667
0 0.239063 0.247917 0.156250 0.208333
0 0.261719 0.790625 0.073438 0.097917
0 0.556250 0.679167 0.150000 0.050000
0 0.779687 0.487500 0.100000 0.133333
0 0.539062 0.106250 0.140625 0.083333
0 0.752344 0.670833 0.054688 0.120833
0 0.860938 0.631250 0.112500 0.095833
0 0.909375 0.535417 0.153125 0.204167
0 0.197656 0.461458 0.057813 0.102083
0 0.925781 0.539583 0.067187 0.070833
0 0.571875 0.700000 0.125000 0.150000
0 0.698438 0.418750 0.150000 0.116667
