0 0.601562 0.366667 0.100000 0.095833
0 0.425781 0.685417 0.067187 0.116667
0 0.642969 0.625000 0.057813 0.120833
0 0.425781 0.457292 0.092188 0.089583
0 0.354687 0.222917 0.131250 0.175000
0 0.089063 0.866667 0.131250 0.175000
0 0.848437 0.635417 0.078125 0.041667
0 0.220312 0.223958 0.071875 0.106250
0 0.820312 0.412500 0.081250 0.108333
0 0.350000 0.715625 0.050000 0.081250
0 0.478125 0.389583 0.068750 0.045833
0 0.673438 0.604167 0.087500 0.116667
0 0.276562 0.535417 0.146875 0.195833
0 0.275000 0.931250 0.081250 0.125000
