0 0.125000 0.666667 0.134375 0.141667
0 0.550000 0.592708 0.046875 0.077083
0 0.131250 0.800000 0.109375 0.162500
0 0.582812 0.556250 0.137500 0.137500
0 0.832812 0.308333 0.153125 0.158333
0 0.101562 0.618750 0.150000 0.154167
0 0.809375 0.418750 0.131250 0.175000
0 0.739062 0.704167 0.103125 0.137500
0 0.945312 0.575000 0.059375 0.120833
0 0.730469 0.575000 0.089063 0.116667
0 0.139844 0.452083 0.057813 0.087500
0 0.382812 0.222917 0.078125 0.108333
0 0.095312 0.572917 0.093750 0.125000
0 0.685937 0.756250 0.140625 0.187500
0 0.893750 0.283333 0.100000 0.133333
