0 0.446875 0.487500 0.115625 0.154167
0 0.185938 0.339583 0.103125 0.137500
0 0.165625 0.665625 0.087500 0.093750
0 0.878125 0.622917 0.071875 0.158333
0 0.318750 0.345833 0.087500 0.116667
0 0.492188 0.533333 0.121875 0.075000
0 0.695312 0.235417 0.118750 0.129167
0 0.360938 0.681250 0.106250 0.141667
0 0.090625 0.418750 0.075000 0.100000
0 0.782813 0.162500 0.096875 0.154167
0 0.731250 0.602083 0.075000 0.066667
0 0.768750 0.887500 0.109375 0.145833
0 0.368750 0.807292 0.053125 0.110417
0 0.448437 0.760417 0.143750 0.058333
0 0.130469 0.511458 0.082812 0.089583
0 0.810937 0.837500 0.093750 0.125000
