0 0.646875 0.281250 0.156250 0.208333
0 0.175000 0.785417 0.090625 0.120833
0 0.382812 0.841667 0.106250 0.116667
0 0.839063 0.762500 0.065625 0.050000
0 0.542188 0.412500 0.062500 0.083333
0 0.115625 0.543750 0.103125 0.166667
0 0.750000 0.183333 0.150000 0.154167
0 0.587500 0.435417 0.106250 0.100000
0 0.579688 0.250000 0.081250 0.108333
0 0.864844 0.512500 0.067187 0.091667
0 0.092188 0.652083 0.078125 0.166667
0 0.898438 0.675000 0.115625 0.154167
0 0.293750 0.366667 0.140625 0.116667
0 0.721875 0.377083 0.100000 0.133333
