0 0.871875 0.877083 0.112500 0.150000
0 0.236719 0.443750 0.060937 0.095833
0 0.504687 0.345833 0.121875 0.070833
0 0.253125 0.868750 0.068750 0.091667
0 0.754687 0.533333 0.131250 0.175000
0 0.620313 0.141667 0.100000 0.133333
0 0.195312 0.220833 0.081250 0.066667
0 0.323437 0.218750 0.156250 0.208333
0 0.167187 0.260417 0.075000 0.100000
0 0.196875 0.120833 0.078125 0.066667
0 0.885938 0.550000 0.143750 0.112500
0 0.514062 0.472917 0.075000 0.141667
0 0.448437 0.191667 0.118750 0.075000
0 0.873437 0.187500 0.090625 0.120833
