0 0.414062 0.613542 0.093750 0.097917
0 0.712500 0.208333 0.103125 0.145833
0 0.378125 0.104167 0.090625 0.120833
0 0.917188 0.418750 0.068750 0.079167
0 0.353125 0.754167 0.065625 0.125000
0 0.112500 0.822917 0.153125 0.145833
0 0.467187 0.766667 0.078125 0.083333
0 0.837500 0.272917 0.078125 0.104167
0 0.377344 0.301042 0.067187 0.077083
0 0.089063 0.168750 0.153125 0.070833
0 0.559375 0.525000 0.096875 0.129167
0 0.475781 0.914583 0.054688 0.087500
0 0.610938 0.854167 0.150000 0.200000
0 0.876563 0.653125 0.093750 0.114583
0 0.753125 0.745833 0.075000 0.100000
0 0.840625 0.837500 0.153125 0.070833
