0 0.535937 0.283333 0.150000 0.200000
0 0.462500 0.637500 0.046875 0.066667
0 0.717187 0.715625 0.062500 0.072917
0 0.628906 0.204167 0.073438 0.108333
0 0.499219 0.329167 0.070312 0.070833
0 0.392188 0.522917 0.090625 0.120833
0 0.585938 0.833333 0.068750 0.095833
0 0.379688 0.429167 0.068750 0.095833
0 0.559375 0.170833 0.059375 0.100000
0 0.698438 0.135417 0.118750 0.162500
0 0.477344 0.508333 0.054688 0.112500
0 0.800000 0.406250 0.125000 0.058333
0 0.165625 0.879167 0.143750 0.154167
0 0.695312 0.747917 0.109375 0.145833
0 0.454688 0.252083 0.112500 0.150000
0 0.140625 0.289583 0.065625 0.087500
