0 0.537500 0.193750 0.109375 0.145833
0 0.364844 0.182292 0.048438 0.097917
0 0.388281 0.877083 0.073438 0.079167
0 0.332031 0.406250 0.085938 0.100000
0 0.500000 0.364583 0.106250 0.150000
0 0.287500 0.370833 0.109375 0.145833
0 0.618750 0.187500 0.103125 0.137500
0 0.273438 0.368750 0.103125 0.137500
0 0.402344 0.426042 0.051562 0.093750
0 0.158594 0.319792 0.079687 0.110417
0 0.119531 0.503125 0.060937 0.077083
0 0.406250 0.287500 0.078125 0.045833
0 0.907813 0.402083 0.093750 0.079167
0 0.762500 0.522917 0.084375 0.070833
0 0.379688 0.716667 0.125000 0.166667
