0 0.235937 0.810417 0.125000 0.166667
0 0.907813 0.732292 0.090625 0.089583
0 0.687500 0.935417 0.059375 0.087500
0 0.560937 0.392708 0.065625 0.089583
0 0.522656 0.415625 0.064062 0.077083
0 0.471875 0.765625 0.090625 0.085417
0 0.506250 0.464583 0.106250 0.125000
0 0.640625 0.608333 0.062500 0.066667
0 0.545312 0.341667 0.093750 0.066667
0 0.804688 0.458333 0.156250 0.208333
0 0.429688 0.675000 0.140625 0.087500
0 0.389062 0.877083 0.128125 0.050000
0 0.343750 0.550000 0.121875 0.162500
0 0.415625 0.372917 0.131250 0.175000
0 0.579688 0.689583 0.115625 0.050000
