0 0.878125 0.235417 0.125000 0.166667
0 0.921875 0.137500 0.075000 0.133333
0 0.845313 0.314583 0.115625 0.154167
0 0.781250 0.697917 0.078125 0.075000
0 0.787500 0.827083 0.146875 0.154167
0 0.376563 0.285417 0.125000 0.125000
0 0.420312 0.856250 0.156250 0.050000
0 0.444531 0.695833 0.064062 0.112500
0 0.676562 0.222917 0.046875 0.125000
0 0.832812 0.189583 0.112500 0.150000
0 0.287500 0.600000 0.118750 0.045833
0 0.753125 0.429167 0.103125 0.112500
0 0.742188 0.229167 0.143750 0.104167
0 0.907031 0.390625 0.089063 0.097917
0 0.753125 0.738542 0.065625 0.110417
0 0.462500 0.239583 0.134375 0.091667
