0 0.617188 0.722917 0.106250 0.058333
0 0.598437 0.304167 0.096875 0.129167
0 0.381250 0.520833 0.150000 0.200000
0 0.201563 0.827083 0.071875 0.045833
0 0.384375 0.206250 0.131250 0.175000
0 0.201563 0.118750 0.115625 0.095833
0 0.778125 0.556250 0.106250 0.141667
0 0.904687 0.316667 0.084375 0.083333
0 0.257812 0.533333 0.075000 0.070833
0 0.357812 0.314583 0.156250 0.087500
0 0.343750 0.342708 0.084375 0.081250
0 0.868750 0.791667 0.112500 0.062500
0 0.867188 0.714583 0.100000 0.150000
0 0.340625 0.720833 0.109375 0.145833
0 0.629687 0.247917 0.150000 0.200000
