0 0.198437 0.562500 0.068750 0.079167
0 0.764062 0.157292 0.071875 0.064583
0 0.190625 0.356250 0.106250 0.141667
0 0.823438 0.566667 0.062500 0.066667
0 0.364063 0.404167 0.150000 0.200000
0 0.351562 0.877083 0.087500 0.116667
0 0.121875 0.841667 0.093750 0.125000
0 0.514062 0.258333 0.153125 0.204167
0 0.539062 0.770833 0.075000 0.083333
0 0.278125 0.238542 0.062500 0.122917
0 0.420312 0.222917 0.096875 0.129167
0 0.730469 0.900000 0.085938 0.079167
0 0.376563 0.785417 0.156250 0.208333
0 0.448437 0.485417 0.100000 0.133333
