0 0.801562 0.304167 0.093750 0.125000
0 0.900000 0.145833 0.078125 0.133333
0 0.532813 0.256250 0.137500 0.183333
0 0.293750 0.711458 0.075000 0.077083
0 0.482812 0.337500 0.150000 0.116667
0 0.636719 0.944792 0.070312 0.110417
0 0.703125 0.662500 0.075000 0.100000
0 0.190625 0.664583 0.062500 0.104167
0 0.750000 0.470833 0.128125 0.108333
0 0.173437 0.475000 0.068750 0.116667
0 0.207813 0.845833 0.150000 0.200000
0 0.681250 0.754167 0.103125 0.079167
0 0.696875 0.183333 0.143750 0.191667
0 0.665625 0.131250 0.150000 0.150000
0 0.906250 0.472917 0.068750 0.145833
0 0.354687 0.337500 0.134375 0.179167
