0 0.645312 0.531250 0.050000 0.083333
0 0.535937 0.589583 0.137500 0.100000
0 0.207813 0.347917 0.121875 0.116667
0 0.157031 0.545833 0.048438 0.120833
0 0.815625 0.454167 0.146875 0.054167
0 0.673438 0.633333 0.100000 0.162500
0 0.128125 0.481250 0.065625 0.087500
0 0.551562 0.447917 0.118750 0.108333
0 0.264062 0.618750 0.153125 0.204167
0 0.871875 0.633333 0.078125 0.083333
0 0.167187 0.207292 0.093750 0.081250
0 0.806250 0.891667 0.087500 0.129167
0 0.389062 0.204167 0.140625 0.187500
0 0.454688 0.789583 0.075000 0.075000
0 0.594531 0.669792 0.079687 0.106250
0 0.171875 0.366667 0.087500 0.116667
