0 0.623437 0.545833 0.137500 0.125000
0 0.377344 0.862500 0.064062 0.112500
0 0.717187 0.822917 0.071875 0.095833
0 0.239844 0.610417 0.089063 0.066667
0 0.495312 0.620833 0.150000 0.083333
0 0.850000 0.330208 0.053125 0.122917
0 0.896875 0.548958 0.046875 0.085417
0 0.312500 0.584375 0.050000 0.077083
0 0.589844 0.600000 0.048438 0.075000
0 0.232813 0.112500 0.143750 0.191667
0 0.395313 0.466667 0.090625 0.120833
0 0.843750 0.485417 0.128125 0.095833
0 0.867188 0.464583 0.140625 0.187500
0 0.286719 0.617708 0.067187 0.106250
0 0.321875 0.622917 0.046875 0.125000
0 0.234375 0.835417 0.075000 0.100000
