0 0.475000 0.262500 0.103125 0.137500
0 0.289062 0.243750 0.131250 0.075000
0 0.731250 0.345833 0.096875 0.129167
0 0.603125 0.810417 0.078125 0.087500
0 0.079687 0.889583 0.140625 0.187500
0 0.115625 0.762500 0.134375 0.162500
0 0.682813 0.502083 0.081250 0.108333
0 0.835938 0.433333 0.153125 0.204167
0 0.430469 0.771875 0.054688 0.118750
0 0.585938 0.400000 0.081250 0.091667
0 0.442188 0.800000 0.084375 0.112500
0 0.198437 0.560417 0.075000 0.104167
0 0.215625 0.427083 0.131250 0.120833
0 0.777344 0.726042 0.085938 0.089583
