0 0.563281 0.480208 0.057813 0.118750
0 0.296875 0.527083 0.068750 0.129167
0 0.109375 0.683333 0.068750 0.091667
0 0.571875 0.414583 0.078125 0.095833
0 0.231250 0.429167 0.150000 0.075000
0 0.871875 0.877083 0.121875 0.162500
0 0.277344 0.328125 0.054688 0.118750
0 0.381250 0.385417 0.065625 0.091667
0 0.409375 0.521875 0.059375 0.089583
0 0.747656 0.768750 0.057813 0.062500
0 0.628125 0.781250 0.146875 0.041667
0 0.462500 0.289583 0.150000 0.100000
0 0.752344 0.560417 0.051562 0.108333
0 0.782813 0.439583 0.125000 0.108333
0 0.358594 0.328125 0.064062 0.093750
