0 0.200000 0.443750 0.150000 0.200000
0 0.467187 0.700000 0.062500 0.100000
0 0.906250 0.839583 0.084375 0.108333
0 0.370312 0.366667 0.121875 0.162500
0 0.853906 0.879167 0.060937 0.079167
0 0.823438 0.661458 0.087500 0.093750
0 0.571875 0.633333 0.128125 0.112500
0 0.501563 0.312500 0.100000 0.133333
0 0.412500 0.836458 0.065625 0.102083
0 0.448437 0.247917 0.100000 0.133333
0 0.293750 0.789583 0.068750 0.095833
0 0.335938 0.550000 0.068750 0.133333
0 0.720313 0.186458 0.053125 0.122917
0 0.748437 0.208333 0.106250 0.125000
0 0.557813 0.466667 0.100000 0.145833
