0 0.179688 0.150000 0.128125 0.170833
0 0.721875 0.772917 0.084375 0.112500
0 0.149219 0.591667 0.067187 0.104167
0 0.439063 0.239583 0.081250 0.075000
0 0.643750 0.383333 0.068750 0.091667
0 0.182812 0.533333 0.062500 0.083333
0 0.336719 0.696875 0.054688 0.118750
0 0.319531 0.758333 0.092188 0.095833
0 0.323437 0.135417 0.137500 0.154167
0 0.859375 0.441667 0.137500 0.183333
0 0.170313 0.777083 0.090625 0.133333
0 0.190625 0.854167 0.150000 0.058333
0 0.546094 0.241667 0.089063 0.095833
0 0.180469 0.855208 0.073438 0.106250
0 0.090625 0.679167 0.115625 0.162500
0 0.090625 0.402083 0.115625 0.154167
