0 0.757812 0.841667 0.078125 0.104167
0 0.729688 0.662500 0.146875 0.087500
0 0.700000 0.233333 0.062500 0.091667
0 0.503125 0.322917 0.140625 0.187500
0 0.528125 0.845833 0.065625 0.054167
0 0.646875 0.497917 0.115625 0.154167
0 0.257812 0.436458 0.075000 0.093750
0 0.148438 0.304167 0.084375 0.154167
0 0.321875 0.460417 0.128125 0.170833
0 0.582812 0.841667 0.150000 0.145833
0 0.557813 0.729167 0.056250 0.100000
0 0.451562 0.702083 0.153125 0.100000
0 0.729688 0.725000 0.059375 0.062500
0 0.234375 0.325000 0.103125 0.137500
0 0.579688 0.354167 0.103125 0.137500
0 0.729688 0.614583 0.112500 0.091667
