0 0.917188 0.239583 0.125000 0.166667
0 0.117188 0.375000 0.153125 0.054167
0 0.907813 0.430208 0.075000 0.064583
0 0.385937 0.881250 0.078125 0.166667
0 0.468750 0.229167 0.100000 0.133333
0 0.534375 0.344792 0.062500 0.102083
0 0.457813 0.360417 0.081250 0.041667
0 0.900000 0.737500 0.109375 0.145833
0 0.446875 0.787500 0.062500 0.133333
0 0.789844 0.648958 0.073438 0.064583
0 0.790625 0.806250 0.137500 0.058333
0 0.700000 0.195833 0.109375 0.145833
0 0.595313 0.535417 0.068750 0.091667
0 0.437500 0.285417 0.103125 0.137500
