0 0.846875 0.668750 0.081250 0.108333
0 0.342187 0.114583 0.156250 0.208333
0 0.517188 0.494792 0.075000 0.085417
0 0.903125 0.875000 0.109375 0.145833
0 0.393750 0.514583 0.150000 0.200000
0 0.765625 0.458333 0.153125 0.087500
0 0.279687 0.318750 0.146875 0.195833
0 0.506250 0.664583 0.146875 0.195833
0 0.849219 0.883333 0.051562 0.091667
0 0.325000 0.433333 0.140625 0.129167
0 0.264062 0.477083 0.087500 0.116667
0 0.296875 0.656250 0.100000 0.133333
0 0.571875 0.633333 0.059375 0.116667
0 0.153125 0.275000 0.081250 0.108333
