0 0.773438 0.260417 0.078125 0.104167
0 0.173437 0.506250 0.156250 0.154167
0 0.734375 0.737500 0.140625 0.108333
0 0.256250 0.847917 0.068750 0.145833
0 0.314063 0.460417 0.081250 0.116667
0 0.703125 0.403125 0.075000 0.102083
0 0.195312 0.833333 0.103125 0.100000
0 0.318750 0.500000 0.090625 0.120833
0 0.109375 0.379167 0.100000 0.133333
0 0.682031 0.234375 0.051562 0.093750
0 0.078125 0.577083 0.137500 0.070833
0 0.289062 0.522917 0.118750 0.158333
0 0.425000 0.231250 0.068750 0.091667
0 0.753125 0.147917 0.090625 0.112500
0 0.900000 0.859375 0.056250 0.093750
0 0.542188 0.618750 0.078125 0.083333
