0 0.473438 0.137500 0.131250 0.175000
0 0.587500 0.722917 0.150000 0.200000
0 0.759375 0.841667 0.115625 0.154167
0 0.826562 0.429167 0.100000 0.091667
0 0.455469 0.278125 0.057813 0.077083
0 0.553125 0.366667 0.121875 0.137500
0 0.637500 0.550000 0.059375 0.091667
0 0.757812 0.318750 0.056250 0.104167
0 0.401562 0.716667 0.134375 0.179167
0 0.312500 0.733333 0.112500 0.125000
0 0.350000 0.545833 0.053125 0.075000
0 0.653125 0.764583 0.096875 0.129167
0 0.439063 0.785417 0.121875 0.162500
0 0.132812 0.214583 0.150000 0.200000
0 0.656250 0.439583 0.081250 0.079167
0 0.206250 0.719792 0.059375 0.089583
