0 0.171875 0.818750 0.143750 0.125000
0 0.768750 0.843750 0.156250 0.208333
0 0.117188 0.558333 0.071875 0.087500
0 0.738281 0.628125 0.054688 0.081250
0 0.432812 0.285417 0.146875 0.058333
0 0.420312 0.535417 0.068750 0.091667
0 0.871875 0.739583 0.062500 0.083333
0 0.118750 0.166667 0.146875 0.141667
0 0.199219 0.398958 0.092188 0.081250
0 0.126562 0.525000 0.056250 0.087500
0 0.881250 0.631250 0.090625 0.058333
0 0.659375 0.364583 0.131250 0.175000
0 0.871875 0.539583 0.140625 0.095833
0 0.410156 0.420833 0.048438 0.091667
0 0.657813 0.575000 0.131250 0.175000
0 0.078125 0.125000 0.131250 0.175000
