0 0.476562 0.352083 0.081250 0.041667
0 0.638281 0.692708 0.064062 0.064583
0 0.740625 0.447917 0.121875 0.066667
0 0.871875 0.410417 0.075000 0.133333
0 0.882812 0.732292 0.059375 0.122917
0 0.529687 0.864583 0.068750 0.091667
0 0.639062 0.850000 0.078125 0.125000
0 0.145313 0.450000 0.153125 0.204167
0 0.340625 0.806250 0.106250 0.141667
0 0.617188 0.216667 0.153125 0.204167
0 0.565625 0.137500 0.156250 0.075000
0 0.710938 0.554167 0.065625 0.045833
0 0.753125 0.189583 0.062500 0.083333
0 0.616406 0.564583 0.092188 0.104167
