0 0.623437 0.133333 0.140625 0.045833
0 0.193750 0.333333 0.065625 0.066667
0 0.152344 0.432292 0.054688 0.122917
0 0.370312 0.358333 0.068750 0.062500
0 0.904687 0.293750 0.112500 0.150000
0 0.571875 0.720833 0.112500 0.150000
0 0.151562 0.438542 0.046875 0.102083
0 0.298438 0.168750 0.081250 0.100000
0 0.278125 0.202083 0.156250 0.050000
0 0.904687 0.868750 0.153125 0.204167
0 0.565625 0.756250 0.071875 0.095833
0 0.823438 0.770833 0.065625 0.104167
0 0.844531 0.179167 0.092188 0.062500
0 0.427344 0.520833 0.070312 0.083333
0 0.157812 0.618750 0.078125 0.062500
0 0.180469 0.903125 0.085938 0.097917
