0 0.167187 0.475000 0.062500 0.083333
0 0.721875 0.797917 0.146875 0.195833
0 0.231250 0.331250 0.153125 0.204167
0 0.617188 0.485417 0.084375 0.129167
0 0.804688 0.556250 0.128125 0.087500
0 0.634375 0.787500 0.084375 0.112500
0 0.489844 0.541667 0.085938 0.066667
0 0.145313 0.308333 0.118750 0.158333
0 0.840625 0.504167 0.109375 0.091667
0 0.314063 0.283333 0.125000 0.104167
0 0.821875 0.747917 0.068750 0.050000
0 0.632812 0.833333 0.062500 0.150000
0 0.285938 0.787500 0.143750 0.108333
0 0.942969 0.839583 0.048438 0.108333
0 0.850000 0.710417 0.103125 0.083333
