0 0.835938 0.820833 0.065625 0.087500
0 0.885156 0.354167 0.064062 0.108333
0 0.679688 0.177083 0.090625 0.120833
0 0.448437 0.272917 0.078125 0.104167
0 0.793750 0.860417 0.143750 0.191667
0 0.553125 0.820833 0.078125 0.108333
0 0.450000 0.604167 0.106250 0.141667
0 0.454688 0.210417 0.062500 0.083333
0 0.217188 0.822917 0.137500 0.154167
0 0.329688 0.433333 0.146875 0.195833
0 0.895312 0.693750 0.065625 0.116667
0 0.851562 0.564583 0.059375 0.075000
0 0.901563 0.879167 0.075000 0.100000
0 0.123438 0.287500 0.050000 0.108333
0 0.464062 0.854167 0.146875 0.195833
0 0.384375 0.417708 0.053125 0.093750
