0 0.248438 0.729167 0.156250 0.208333
0 0.404687 0.745833 0.137500 0.183333
0 0.434375 0.391667 0.062500 0.083333
0 0.700781 0.917708 0.089063 0.085417
0 0.676562 0.508333 0.106250 0.041667
0 0.640625 0.191667 0.093750 0.050000
0 0.190625 0.477083 0.128125 0.091667
0 0.470313 0.792708 0.062500 0.106250
0 0.684375 0.585417 0.093750 0.125000
0 0.571875 0.118750 0.090625 0.120833
0 0.593750 0.286458 0.050000 0.106250
0 0.103906 0.375000 0.051562 0.083333
0 0.784375 0.654167 0.078125 0.041667
0 0.398438 0.159375 0.050000 0.110417
0 0.430469 0.662500 0.070312 0.120833
0 0.557031 0.457292 0.089063 0.093750
