0 0.662500 0.185417 0.084375 0.066667
0 0.584375 0.677083 0.106250 0.041667
0 0.351562 0.337500 0.075000 0.100000
0 0.264062 0.435417 0.112500 0.154167
0 0.268750 0.485417 0.075000 0.100000
0 0.434375 0.700000 0.081250 0.133333
0 0.371875 0.304167 0.143750 0.191667
0 0.212500 0.464583 0.118750 0.041667
0 0.593750 0.789583 0.062500 0.112500
0 0.726562 0.637500 0.084375 0.087500
0 0.374219 0.377083 0.070312 0.083333
0 0.696875 0.392708 0.053125 0.064583
0 0.235937 0.804167 0.146875 0.195833
0 0.432812 0.488542 0.084375 0.085417
0 0.342187 0.450000 0.078125 0.104167
0 0.184375 0.514583 0.062500 0.145833
