0 0.415625 0.133333 0.156250 0.208333
0 0.375000 0.454167 0.062500 0.083333
0 0.567969 0.540625 0.079687 0.077083
0 0.414062 0.350000 0.146875 0.195833
0 0.101562 0.660417 0.090625 0.095833
0 0.601562 0.370833 0.125000 0.166667
0 0.918750 0.620833 0.075000 0.087500
0 0.662500 0.150000 0.081250 0.070833
0 0.850000 0.137500 0.128125 0.050000
0 0.450781 0.602083 0.070312 0.100000
0 0.445312 0.831250 0.118750 0.158333
0 0.126562 0.843750 0.143750 0.191667
0 0.778125 0.635417 0.068750 0.066667
0 0.898438 0.312500 0.065625 0.087500
0 0.259375 0.768750 0.075000 0.100000
0 0.784375 0.198958 0.062500 0.072917
