0 0.303125 0.887500 0.137500 0.108333
0 0.368750 0.104167 0.087500 0.133333
0 0.121875 0.504167 0.090625 0.104167
0 0.832812 0.506250 0.078125 0.104167
0 0.757812 0.554167 0.087500 0.116667
0 0.248438 0.456250 0.050000 0.066667
0 0.718750 0.212500 0.150000 0.200000
0 0.189062 0.528125 0.068750 0.072917
0 0.395313 0.818750 0.134375 0.179167
0 0.639062 0.776042 0.087500 0.081250
0 0.495312 0.820833 0.153125 0.204167
0 0.151562 0.293750 0.134375 0.158333
0 0.719531 0.637500 0.089063 0.108333
0 0.853125 0.477083 0.081250 0.116667
0 0.867188 0.572917 0.134375 0.108333
