0 0.718750 0.731250 0.071875 0.070833
0 0.214062 0.895833 0.143750 0.150000
0 0.704688 0.656250 0.071875 0.087500
0 0.525000 0.504167 0.062500 0.125000
0 0.903125 0.806250 0.046875 0.112500
0 0.090625 0.114583 0.131250 0.087500
0 0.743750 0.827083 0.121875 0.162500
0 0.204687 0.891667 0.146875 0.125000
0 0.871875 0.606250 0.090625 0.095833
0 0.746875 0.222917 0.128125 0.170833
0 0.375000 0.506250 0.153125 0.204167
0 0.735938 0.114583 0.075000 0.083333
0 0.793750 0.741667 0.075000 0.104167
0 0.268750 0.895833 0.053125 0.104167
