0 0.634375 0.812500 0.128125 0.170833
0 0.240625 0.377083 0.118750 0.158333
0 0.678125 0.827083 0.081250 0.108333
0 0.509375 0.162500 0.081250 0.137500
0 0.939844 0.650000 0.070312 0.075000
0 0.652344 0.522917 0.076563 0.062500
0 0.106250 0.833333 0.071875 0.095833
0 0.743750 0.668750 0.081250 0.041667
0 0.654687 0.427083 0.059375 0.104167
0 0.560937 0.788542 0.068750 0.097917
0 0.768750 0.735417 0.125000 0.166667
0 0.906250 0.638542 0.087500 0.081250
0 0.276562 0.189583 0.081250 0.075000
0 0.304688 0.493750 0.068750 0.120833
0 0.534375 0.247917 0.084375 0.162500
