0 0.485938 0.862500 0.109375 0.166667
0 0.537500 0.242708 0.078125 0.085417
0 0.642188 0.806250 0.087500 0.129167
0 0.820312 0.585417 0.150000 0.200000
0 0.346875 0.662500 0.046875 0.116667
0 0.253125 0.379167 0.081250 0.104167
0 0.648438 0.793750 0.150000 0.137500
0 0.781250 0.327083 0.146875 0.195833
0 0.339062 0.305208 0.087500 0.085417
0 0.523438 0.850000 0.065625 0.087500
0 0.898438 0.437500 0.115625 0.154167
0 0.317188 0.510417 0.100000 0.133333
0 0.096875 0.314583 0.065625 0.129167
0 0.892188 0.737500 0.093750 0.091667
0 0.851562 0.552083 0.065625 0.162500
0 0.647656 0.403125 0.073438 0.114583
