0 0.240625 0.361458 0.084375 0.122917
0 0.393750 0.760417 0.137500 0.183333
0 0.651563 0.295833 0.090625 0.050000
0 0.757812 0.660417 0.121875 0.041667
0 0.460156 0.639583 0.060937 0.108333
0 0.546875 0.820833 0.128125 0.137500
0 0.212500 0.439583 0.053125 0.104167
0 0.478125 0.112500 0.071875 0.104167
0 0.420312 0.214583 0.131250 0.175000
0 0.204687 0.256250 0.062500 0.083333
0 0.758594 0.414583 0.051562 0.095833
0 0.871875 0.200000 0.075000 0.129167
0 0.787500 0.477083 0.096875 0.129167
0 0.609375 0.234375 0.059375 0.102083
0 0.900000 0.814583 0.062500 0.083333
0 0.818750 0.382292 0.081250 0.110417
