0 0.362500 0.287500 0.125000 0.087500
0 0.323437 0.442708 0.068750 0.110417
0 0.500000 0.647917 0.128125 0.170833
0 0.671875 0.852083 0.137500 0.183333
0 0.540625 0.509375 0.068750 0.097917
0 0.533594 0.290625 0.051562 0.097917
0 0.729688 0.447917 0.062500 0.083333
0 0.464062 0.575000 0.087500 0.120833
0 0.757812 0.691667 0.078125 0.120833
0 0.931250 0.272917 0.050000 0.100000
0 0.245312 0.714583 0.103125 0.137500
0 0.950000 0.184375 0.068750 0.102083
0 0.434375 0.452083 0.106250 0.120833
0 0.437500 0.260417 0.087500 0.116667
