0 0.684375 0.668750 0.128125 0.150000
0 0.426563 0.516667 0.087500 0.083333
0 0.466406 0.916667 0.092188 0.083333
0 0.206250 0.395833 0.065625 0.141667
0 0.609375 0.412500 0.062500 0.145833
0 0.628125 0.375000 0.084375 0.112500
0 0.907813 0.452083 0.093750 0.100000
0 0.642188 0.920833 0.062500 0.079167
0 0.885938 0.875000 0.078125 0.087500
0 0.171875 0.764583 0.087500 0.079167
0 0.804688 0.235417 0.093750 0.162500
0 0.687500 0.750000 0.109375 0.145833
0 0.714063 0.330208 0.059375 0.085417
0 0.887500 0.166667 0.084375 0.112500
