0 0.229687 0.826042 0.081250 0.077083
0 0.580469 0.823958 0.048438 0.122917
0 0.614844 0.410417 0.064062 0.125000
0 0.215625 0.622917 0.065625 0.120833
0 0.178125 0.331250 0.081250 0.058333
0 0.688281 0.678125 0.051562 0.093750
0 0.117188 0.622917 0.125000 0.112500
0 0.439844 0.275000 0.070312 0.108333
0 0.623437 0.425000 0.068750 0.150000
0 0.450000 0.550000 0.065625 0.166667
0 0.875000 0.754167 0.143750 0.191667
0 0.773438 0.201042 0.071875 0.106250
0 0.306250 0.212500 0.084375 0.070833
0 0.498437 0.245833 0.109375 0.087500
