0 0.281250 0.447917 0.156250 0.095833
0 0.740625 0.829167 0.128125 0.170833
0 0.282031 0.897917 0.054688 0.075000
0 0.854688 0.422917 0.078125 0.100000
0 0.457813 0.239583 0.121875 0.162500
0 0.717969 0.273958 0.070312 0.089583
0 0.378125 0.570833 0.150000 0.200000
0 0.904687 0.633333 0.071875 0.070833
0 0.590625 0.622917 0.062500 0.083333
0 0.275000 0.170833 0.146875 0.195833
0 0.107813 0.589583 0.103125 0.137500
0 0.592187 0.441667 0.093750 0.083333
0 0.726562 0.558333 0.090625 0.104167
0 0.490625 0.529167 0.115625 0.154167
0 0.218750 0.358333 0.065625 0.075000
0 0.534375 0.358333 0.075000 0.100000
