0 0.389062 0.866667 0.081250 0.108333
0 0.239844 0.313542 0.051562 0.077083
0 0.567187 0.468750 0.146875 0.195833
0 0.117188 0.784375 0.071875 0.081250
0 0.402344 0.306250 0.076563 0.095833
0 0.670312 0.862500 0.078125 0.104167
0 0.370312 0.579167 0.084375 0.112500
0 0.917188 0.572917 0.087500 0.137500
0 0.435937 0.729167 0.115625 0.154167
0 0.356250 0.722917 0.156250 0.208333
0 0.575000 0.662500 0.081250 0.108333
0 0.846875 0.756250 0.071875 0.095833
0 0.371094 0.185417 0.051562 0.087500
0 0.806250 0.252083 0.071875 0.083333
0 0.262500 0.464583 0.056250 0.120833
