0 0.881250 0.577083 0.156250 0.075000
0 0.571875 0.216667 0.137500 0.183333
0 0.565625 0.202083 0.115625 0.045833
0 0.226562 0.533333 0.137500 0.183333
0 0.142187 0.507292 0.071875 0.089583
0 0.758594 0.386458 0.079687 0.072917
0 0.695312 0.541667 0.134375 0.179167
0 0.341406 0.431250 0.076563 0.104167
0 0.460938 0.837500 0.143750 0.191667
0 0.195312 0.762500 0.100000 0.112500
0 0.757812 0.352083 0.081250 0.095833
0 0.532813 0.777083 0.087500 0.116667
0 0.764062 0.889583 0.068750 0.062500
0 0.451562 0.241667 0.128125 0.116667
0 0.400000 0.757292 0.059375 0.085417
0 0.812500 0.416667 0.093750 0.125000
