0 0.273438 0.670833 0.109375 0.145833
0 0.815625 0.625000 0.078125 0.162500
0 0.207813 0.354167 0.121875 0.095833
0 0.229687 0.535417 0.115625 0.154167
0 0.458594 0.212500 0.092188 0.075000
0 0.780469 0.900000 0.085938 0.112500
0 0.182812 0.239583 0.125000 0.141667
0 0.168750 0.625000 0.065625 0.087500
0 0.828125 0.775000 0.146875 0.166667
0 0.500000 0.537500 0.062500 0.083333
0 0.156250 0.470833 0.093750 0.050000
0 0.584375 0.587500 0.153125 0.112500
0 0.640625 0.439583 0.068750 0.083333
0 0.360938 0.112500 0.140625 0.162500
