0 0.181250 0.677083 0.071875 0.095833
0 0.649219 0.320833 0.070312 0.087500
0 0.522656 0.341667 0.076563 0.070833
0 0.601562 0.162500 0.115625 0.137500
0 0.487500 0.258333 0.078125 0.104167
0 0.881250 0.827083 0.062500 0.125000
0 0.098437 0.225000 0.125000 0.166667
0 0.854688 0.556250 0.065625 0.154167
0 0.593750 0.228125 0.090625 0.089583
0 0.271875 0.114583 0.140625 0.187500
0 0.367969 0.527083 0.092188 0.112500
0 0.501563 0.654167 0.131250 0.175000
0 0.898438 0.631250 0.050000 0.125000
0 0.356250 0.716667 0.140625 0.091667
