0 0.842187 0.836458 0.059375 0.106250
0 0.248438 0.186458 0.078125 0.114583
0 0.540625 0.425000 0.100000 0.133333
0 0.730469 0.836458 0.073438 0.085417
0 0.490625 0.537500 0.090625 0.120833
0 0.531250 0.268750 0.081250 0.087500
0 0.881250 0.818750 0.096875 0.125000
0 0.163281 0.648958 0.085938 0.097917
0 0.331250 0.600000 0.084375 0.104167
0 0.571875 0.214583 0.115625 0.112500
0 0.568750 0.887500 0.115625 0.150000
0 0.519531 0.917708 0.079687 0.106250
0 0.443750 0.118750 0.134375 0.179167
0 0.432812 0.878125 0.084375 0.114583
0 0.675000 0.829167 0.065625 0.070833
