0 0.492188 0.754167 0.081250 0.108333
0 0.126562 0.254167 0.071875 0.166667
0 0.353125 0.864583 0.093750 0.058333
0 0.267188 0.687500 0.121875 0.162500
0 0.906250 0.668750 0.115625 0.154167
0 0.195312 0.508333 0.062500 0.154167
0 0.609375 0.104167 0.121875 0.162500
0 0.842969 0.579167 0.076563 0.062500
0 0.346094 0.929167 0.085938 0.120833
0 0.790625 0.139583 0.128125 0.170833
0 0.895312 0.829167 0.106250 0.141667
0 0.365625 0.666667 0.121875 0.162500
0 0.831250 0.460417 0.125000 0.166667
0 0.189062 0.347917 0.100000 0.116667
0 0.517188 0.447917 0.081250 0.070833
