0 0.620313 0.195833 0.115625 0.154167
0 0.487500 0.272917 0.106250 0.083333
0 0.414844 0.611458 0.073438 0.110417
0 0.553125 0.401042 0.084375 0.077083
0 0.423438 0.477083 0.118750 0.041667
0 0.659375 0.639583 0.100000 0.120833
0 0.478906 0.326042 0.060937 0.085417
0 0.495312 0.885417 0.153125 0.150000
0 0.860938 0.770833 0.081250 0.091667
0 0.179688 0.489583 0.068750 0.091667
0 0.170313 0.652083 0.140625 0.166667
0 0.239063 0.654167 0.103125 0.108333
0 0.323437 0.572917 0.115625 0.062500
0 0.212500 0.141667 0.115625 0.079167
