0 0.534375 0.270833 0.106250 0.125000
0 0.678125 0.575000 0.112500 0.150000
0 0.785937 0.814583 0.125000 0.154167
0 0.670312 0.822917 0.078125 0.104167
0 0.700000 0.928125 0.084375 0.089583
0 0.859375 0.700000 0.068750 0.104167
0 0.853125 0.934375 0.084375 0.097917
0 0.896875 0.614583 0.078125 0.104167
0 0.842187 0.585417 0.128125 0.170833
0 0.263281 0.735417 0.051562 0.062500
0 0.450000 0.716667 0.065625 0.087500
0 0.634375 0.354167 0.078125 0.104167
0 0.612500 0.677083 0.078125 0.075000
0 0.768750 0.600000 0.093750 0.125000
0 0.896875 0.458333 0.146875 0.195833
