0 0.306250 0.489583 0.096875 0.162500
0 0.876563 0.318750 0.103125 0.129167
0 0.510938 0.127083 0.075000 0.112500
0 0.650000 0.293750 0.106250 0.141667
0 0.893750 0.482292 0.084375 0.093750
0 0.153125 0.808333 0.093750 0.112500
0 0.293750 0.697917 0.143750 0.191667
0 0.134375 0.631250 0.056250 0.087500
0 0.653125 0.389583 0.109375 0.150000
0 0.115625 0.254167 0.071875 0.095833
0 0.860938 0.881250 0.156250 0.208333
0 0.187500 0.597917 0.100000 0.133333
0 0.812500 0.654167 0.081250 0.058333
0 0.117188 0.195833 0.109375 0.145833
0 0.428125 0.697917 0.084375 0.116667
