0 0.174219 0.227083 0.067187 0.062500
0 0.909375 0.429167 0.150000 0.200000
0 0.834375 0.365625 0.050000 0.122917
0 0.831250 0.727083 0.156250 0.208333
0 0.484375 0.669792 0.053125 0.102083
0 0.578125 0.858333 0.143750 0.137500
0 0.090625 0.797917 0.131250 0.175000
0 0.703906 0.770833 0.085938 0.095833
0 0.503125 0.385417 0.071875 0.137500
0 0.431250 0.579167 0.062500 0.083333
0 0.551562 0.350000 0.140625 0.187500
0 0.215625 0.106250 0.093750 0.087500
0 0.832812 0.133333 0.065625 0.083333
0 0.514062 0.372917 0.118750 0.100000
0 0.623437 0.533333 0.068750 0.091667
