0 0.486719 0.456250 0.057813 0.125000
0 0.132812 0.195833 0.106250 0.162500
0 0.309375 0.164583 0.075000 0.100000
0 0.330469 0.197917 0.082812 0.095833
0 0.670312 0.504167 0.125000 0.166667
0 0.898438 0.839583 0.146875 0.166667
0 0.903125 0.108333 0.146875 0.195833
0 0.391406 0.700000 0.057813 0.100000
0 0.292187 0.564583 0.106250 0.141667
0 0.703125 0.860417 0.146875 0.125000
0 0.651563 0.437500 0.112500 0.158333
0 0.800000 0.500000 0.081250 0.108333
0 0.676562 0.362500 0.131250 0.141667
0 0.540625 0.585417 0.068750 0.112500
0 0.181250 0.818750 0.065625 0.079167
