0 0.740625 0.450000 0.131250 0.175000
0 0.427344 0.296875 0.048438 0.122917
0 0.145313 0.150000 0.103125 0.070833
0 0.693750 0.125000 0.106250 0.045833
0 0.721875 0.250000 0.103125 0.137500
0 0.407813 0.658333 0.156250 0.045833
0 0.906250 0.860417 0.068750 0.070833
0 0.504687 0.522917 0.075000 0.145833
0 0.353125 0.250000 0.075000 0.079167
0 0.212500 0.921875 0.059375 0.097917
0 0.621875 0.139583 0.146875 0.195833
0 0.325000 0.242708 0.050000 0.106250
0 0.114062 0.900000 0.053125 0.083333
0 0.417969 0.644792 0.092188 0.110417
