0 0.489063 0.727083 0.146875 0.195833
0 0.938281 0.852083 0.048438 0.095833
0 0.860938 0.295833 0.153125 0.104167
0 0.900781 0.542708 0.082812 0.114583
0 0.415625 0.345833 0.140625 0.083333
0 0.465625 0.612500 0.053125 0.070833
0 0.464062 0.210417 0.121875 0.116667
0 0.307812 0.296875 0.090625 0.106250
0 0.407813 0.930208 0.046875 0.114583
0 0.574219 0.564583 0.054688 0.070833
0 0.615625 0.575000 0.065625 0.079167
0 0.193750 0.730208 0.093750 0.081250
0 0.596875 0.514583 0.062500 0.062500
0 0.887500 0.206250 0.109375 0.104167
