0 0.287500 0.283333 0.143750 0.191667
0 0.464062 0.812500 0.118750 0.158333
0 0.595313 0.701042 0.062500 0.064583
0 0.834375 0.339583 0.071875 0.095833
0 0.098437 0.593750 0.068750 0.091667
0 0.148438 0.330208 0.071875 0.093750
0 0.432812 0.264583 0.115625 0.075000
0 0.103125 0.293750 0.081250 0.108333
0 0.695312 0.206250 0.100000 0.045833
0 0.143750 0.733333 0.087500 0.137500
0 0.155469 0.400000 0.082812 0.104167
0 0.078125 0.491667 0.071875 0.095833
0 0.590625 0.520833 0.121875 0.104167
0 0.789062 0.393750 0.106250 0.079167
0 0.150000 0.697917 0.068750 0.108333
0 0.424219 0.285417 0.054688 0.095833
