0 0.535937 0.202083 0.087500 0.120833
0 0.423438 0.229167 0.084375 0.112500
0 0.348438 0.368750 0.087500 0.116667
0 0.260937 0.785417 0.137500 0.183333
0 0.289062 0.397917 0.153125 0.204167
0 0.398438 0.545833 0.071875 0.095833
0 0.700000 0.493750 0.118750 0.158333
0 0.231250 0.777083 0.081250 0.087500
0 0.903125 0.245833 0.093750 0.116667
0 0.542969 0.705208 0.057813 0.122917
0 0.373437 0.125000 0.150000 0.200000
0 0.534375 0.615625 0.078125 0.093750
0 0.323437 0.879167 0.109375 0.112500
0 0.089063 0.885417 0.134375 0.179167
0 0.718750 0.764583 0.103125 0.129167
0 0.600781 0.617708 0.082812 0.072917
