0 0.460938 0.431250 0.090625 0.120833
0 0.795312 0.839583 0.134375 0.100000
0 0.126562 0.783333 0.103125 0.137500
0 0.548438 0.785417 0.109375 0.145833
0 0.762500 0.443750 0.081250 0.108333
0 0.252344 0.368750 0.057813 0.066667
0 0.829688 0.745833 0.090625 0.120833
0 0.695312 0.197917 0.062500 0.145833
0 0.276562 0.541667 0.090625 0.120833
0 0.153906 0.173958 0.060937 0.072917
0 0.697656 0.894792 0.085938 0.106250
0 0.659375 0.881250 0.118750 0.112500
0 0.240625 0.858333 0.134375 0.179167
0 0.893750 0.431250 0.062500 0.083333
