0 0.239063 0.439583 0.075000 0.100000
0 0.540625 0.245833 0.156250 0.062500
0 0.382812 0.762500 0.106250 0.079167
0 0.507812 0.460417 0.125000 0.166667
0 0.806250 0.768750 0.150000 0.120833
0 0.828125 0.633333 0.100000 0.133333
0 0.895312 0.502083 0.143750 0.120833
0 0.353906 0.251042 0.073438 0.081250
0 0.431250 0.283333 0.096875 0.050000
0 0.360938 0.218750 0.056250 0.070833
0 0.214062 0.893750 0.078125 0.054167
0 0.087500 0.420833 0.100000 0.091667
0 0.237500 0.287500 0.128125 0.170833
0 0.953125 0.502083 0.078125 0.075000
0 0.894531 0.592708 0.076563 0.093750
0 0.881250 0.396875 0.050000 0.093750
