0 0.829688 0.208333 0.131250 0.050000
0 0.254688 0.254167 0.137500 0.066667
0 0.564063 0.283333 0.087500 0.079167
0 0.886719 0.837500 0.064062 0.100000
0 0.756250 0.127083 0.121875 0.162500
0 0.201563 0.447917 0.068750 0.150000
0 0.481250 0.629167 0.121875 0.162500
0 0.203125 0.641667 0.143750 0.087500
0 0.515625 0.120833 0.137500 0.183333
0 0.914062 0.710417 0.137500 0.120833
0 0.675000 0.668750 0.112500 0.150000
0 0.321875 0.504167 0.065625 0.087500
0 0.829688 0.781250 0.153125 0.204167
0 0.373437 0.277083 0.118750 0.158333
0 0.235937 0.238542 0.075000 0.110417
