0 0.612500 0.635417 0.140625 0.187500
0 0.275000 0.470833 0.125000 0.166667
0 0.435156 0.710417 0.051562 0.120833
0 0.367188 0.768750 0.100000 0.120833
0 0.748437 0.300000 0.125000 0.166667
0 0.756250 0.510417 0.087500 0.087500
0 0.098437 0.341667 0.118750 0.158333
0 0.332813 0.750000 0.134375 0.129167
0 0.865625 0.771875 0.084375 0.102083
0 0.789062 0.872917 0.075000 0.116667
0 0.315625 0.726042 0.065625 0.118750
0 0.656250 0.632292 0.087500 0.077083
0 0.451562 0.495833 0.156250 0.166667
0 0.850000 0.511458 0.053125 0.077083
0 0.301563 0.737500 0.090625 0.120833
0 0.896875 0.370833 0.134375 0.179167
