0 0.829688 0.481250 0.118750 0.158333
0 0.955469 0.913542 0.070312 0.089583
0 0.204687 0.854167 0.093750 0.066667
0 0.310937 0.529167 0.093750 0.125000
0 0.160938 0.220833 0.109375 0.145833
0 0.460938 0.329167 0.112500 0.150000
0 0.632812 0.683333 0.062500 0.100000
0 0.385937 0.627083 0.128125 0.170833
0 0.531250 0.745833 0.103125 0.137500
0 0.620313 0.104167 0.118750 0.166667
0 0.109375 0.793750 0.131250 0.175000
0 0.476562 0.818750 0.093750 0.062500
0 0.749219 0.272917 0.089063 0.112500
0 0.352344 0.768750 0.060937 0.125000
0 0.181250 0.379167 0.131250 0.054167
