0 0.776563 0.793750 0.065625 0.108333
0 0.456250 0.831250 0.081250 0.083333
0 0.687500 0.591667 0.150000 0.095833
0 0.190625 0.318750 0.112500 0.125000
0 0.826562 0.658333 0.146875 0.137500
0 0.328125 0.287500 0.071875 0.095833
0 0.210938 0.129167 0.153125 0.204167
0 0.598437 0.241667 0.093750 0.100000
0 0.293750 0.745833 0.125000 0.166667
0 0.200000 0.635417 0.093750 0.058333
0 0.568750 0.333333 0.078125 0.104167
0 0.797656 0.391667 0.089063 0.120833
0 0.775000 0.212500 0.121875 0.125000
0 0.770312 0.483333 0.046875 0.070833
