0 0.231250 0.877083 0.093750 0.100000
0 0.123438 0.229167 0.106250 0.158333
0 0.179688 0.170833 0.109375 0.145833
0 0.835938 0.425000 0.112500 0.150000
0 0.379688 0.275000 0.078125 0.104167
0 0.240625 0.787500 0.153125 0.204167
0 0.832812 0.631250 0.112500 0.075000
0 0.707812 0.256250 0.087500 0.116667
0 0.714063 0.139583 0.137500 0.183333
0 0.104688 0.179167 0.137500 0.162500
0 0.313281 0.898958 0.060937 0.106250
0 0.823438 0.122917 0.100000 0.154167
0 0.245312 0.391667 0.128125 0.170833
0 0.821875 0.879167 0.137500 0.058333
0 0.442188 0.891667 0.121875 0.162500
