0 0.578125 0.491667 0.081250 0.129167
0 0.342187 0.664583 0.053125 0.104167
0 0.299219 0.783333 0.076563 0.087500
0 0.690625 0.266667 0.081250 0.129167
0 0.859375 0.468750 0.112500 0.066667
0 0.717187 0.106250 0.093750 0.070833
0 0.832812 0.714583 0.118750 0.158333
0 0.255469 0.676042 0.057813 0.110417
0 0.147656 0.592708 0.060937 0.102083
0 0.485938 0.546875 0.062500 0.102083
0 0.792188 0.327083 0.106250 0.141667
0 0.834375 0.586458 0.050000 0.093750
0 0.782813 0.591667 0.103125 0.137500
0 0.464062 0.802083 0.134375 0.058333
0 0.560156 0.215625 0.089063 0.072917
0 0.133594 0.879167 0.051562 0.120833
