0 0.459375 0.139583 0.125000 0.166667
0 0.595313 0.308333 0.078125 0.104167
0 0.289062 0.129167 0.137500 0.070833
0 0.568750 0.195833 0.150000 0.091667
0 0.635938 0.613542 0.065625 0.106250
0 0.210156 0.841667 0.079687 0.075000
0 0.198437 0.389583 0.106250 0.141667
0 0.745313 0.445833 0.112500 0.125000
0 0.431250 0.552083 0.093750 0.108333
0 0.756250 0.801042 0.075000 0.097917
0 0.725000 0.504167 0.134375 0.104167
0 0.129688 0.266667 0.115625 0.108333
0 0.723437 0.516667 0.131250 0.175000
0 0.639062 0.739583 0.093750 0.125000
0 0.432812 0.337500 0.100000 0.145833
0 0.079687 0.314583 0.081250 0.108333
