0 0.328125 0.450000 0.093750 0.125000
0 0.195312 0.695833 0.093750 0.125000
0 0.694531 0.339583 0.048438 0.116667
0 0.920312 0.532292 0.053125 0.093750
0 0.900000 0.675000 0.109375 0.145833
0 0.293750 0.852083 0.068750 0.079167
0 0.314844 0.430208 0.060937 0.110417
0 0.429688 0.897917 0.062500 0.066667
0 0.692187 0.233333 0.078125 0.104167
0 0.225000 0.414583 0.131250 0.175000
0 0.595313 0.568750 0.081250 0.091667
0 0.150000 0.560417 0.115625 0.154167
0 0.687500 0.637500 0.090625 0.120833
0 0.914062 0.310417 0.131250 0.129167
