0 0.465625 0.493750 0.062500 0.162500
0 0.538281 0.583333 0.064062 0.100000
0 0.892188 0.687500 0.128125 0.170833
0 0.454688 0.462500 0.121875 0.075000
0 0.173437 0.672917 0.059375 0.116667
0 0.787500 0.466667 0.121875 0.162500
0 0.441406 0.197917 0.085938 0.116667
0 0.504687 0.610417 0.071875 0.141667
0 0.479687 0.745833 0.109375 0.062500
0 0.104688 0.206250 0.068750 0.091667
0 0.392188 0.772917 0.146875 0.087500
0 0.810156 0.562500 0.060937 0.116667
0 0.560937 0.468750 0.075000 0.070833
0 0.884375 0.889583 0.156250 0.208333
0 0.242188 0.697917 0.087500 0.116667
