0 0.253906 0.328125 0.082812 0.089583
0 0.384375 0.203125 0.090625 0.068750
0 0.137500 0.215625 0.093750 0.122917
0 0.853125 0.839583 0.075000 0.100000
0 0.650000 0.106250 0.143750 0.191667
0 0.732031 0.338542 0.070312 0.106250
0 0.113281 0.629167 0.051562 0.079167
0 0.887500 0.848958 0.084375 0.077083
0 0.738281 0.232292 0.076563 0.085417
0 0.476562 0.294792 0.075000 0.106250
0 0.263281 0.466667 0.051562 0.095833
0 0.835938 0.262500 0.118750 0.070833
0 0.315625 0.383333 0.150000 0.083333
0 0.804688 0.707292 0.068750 0.118750
0 0.910937 0.270833 0.062500 0.050000
0 0.425000 0.408333 0.078125 0.104167
