0 0.129688 0.728125 0.093750 0.077083
0 0.893750 0.230208 0.071875 0.097917
0 0.921875 0.168750 0.118750 0.158333
0 0.860938 0.427083 0.106250 0.054167
0 0.228125 0.591667 0.090625 0.087500
0 0.776563 0.287500 0.121875 0.083333
0 0.187500 0.358333 0.115625 0.154167
0 0.156250 0.450000 0.109375 0.158333
0 0.281250 0.614583 0.087500 0.116667
0 0.413281 0.414583 0.051562 0.125000
0 0.162500 0.489583 0.103125 0.058333
0 0.189062 0.947917 0.056250 0.125000
0 0.307812 0.286458 0.071875 0.097917
0 0.449219 0.926042 0.057813 0.085417
0 0.796875 0.304167 0.053125 0.062500
