0 0.696875 0.396875 0.056250 0.093750
0 0.811719 0.473958 0.067187 0.102083
0 0.487500 0.844792 0.071875 0.114583
0 0.178125 0.156250 0.131250 0.175000
0 0.321875 0.241667 0.081250 0.108333
0 0.461719 0.735417 0.085938 0.104167
0 0.575781 0.564583 0.089063 0.091667
0 0.614844 0.726042 0.048438 0.106250
0 0.619531 0.928125 0.067187 0.118750
0 0.335938 0.768750 0.156250 0.208333
0 0.668750 0.857292 0.062500 0.114583
0 0.703906 0.313542 0.048438 0.077083
0 0.253125 0.670833 0.106250 0.141667
0 0.900000 0.531250 0.075000 0.100000
