0 0.582812 0.768750 0.078125 0.137500
0 0.912500 0.343750 0.084375 0.112500
0 0.620313 0.513542 0.081250 0.102083
0 0.914062 0.845833 0.078125 0.158333
0 0.679688 0.160417 0.087500 0.058333
0 0.298438 0.905208 0.056250 0.097917
0 0.358594 0.704167 0.051562 0.091667
0 0.176563 0.120833 0.146875 0.195833
0 0.719531 0.515625 0.089063 0.072917
0 0.732812 0.691667 0.087500 0.116667
0 0.320312 0.606250 0.100000 0.145833
0 0.384375 0.566667 0.137500 0.087500
0 0.707812 0.162500 0.075000 0.062500
0 0.793750 0.705208 0.081250 0.106250
0 0.529687 0.118750 0.106250 0.141667
