0 0.255469 0.885417 0.060937 0.087500
0 0.221875 0.779167 0.096875 0.079167
0 0.481250 0.626042 0.062500 0.077083
0 0.803125 0.386458 0.071875 0.077083
0 0.106250 0.831250 0.065625 0.154167
0 0.538281 0.848958 0.085938 0.081250
0 0.767969 0.681250 0.067187 0.091667
0 0.456250 0.856250 0.090625 0.120833
0 0.203125 0.820833 0.090625 0.095833
0 0.748437 0.450000 0.081250 0.129167
0 0.185156 0.193750 0.048438 0.091667
0 0.312500 0.391667 0.128125 0.166667
0 0.115625 0.168750 0.093750 0.125000
0 0.450000 0.266667 0.103125 0.137500
0 0.710938 0.891667 0.153125 0.204167
0 0.434375 0.147917 0.084375 0.066667
