0 0.795312 0.247917 0.096875 0.120833
0 0.118750 0.885417 0.106250 0.070833
0 0.168750 0.535417 0.053125 0.091667
0 0.914062 0.562500 0.071875 0.095833
0 0.209375 0.839583 0.084375 0.112500
0 0.896875 0.291667 0.075000 0.100000
0 0.701562 0.368750 0.093750 0.125000
0 0.515625 0.412500 0.140625 0.187500
0 0.703125 0.497917 0.115625 0.154167
0 0.667188 0.185417 0.050000 0.116667
0 0.921094 0.721875 0.073438 0.089583
0 0.545312 0.629167 0.143750 0.120833
0 0.128906 0.540625 0.070312 0.077083
0 0.856250 0.229167 0.125000 0.166667
0 0.253125 0.747917 0.131250 0.045833
