0 0.192969 0.346875 0.060937 0.118750
0 0.850000 0.584375 0.075000 0.106250
0 0.839063 0.627083 0.087500 0.095833
0 0.254688 0.815625 0.046875 0.085417
0 0.542188 0.700000 0.071875 0.095833
0 0.148438 0.664583 0.156250 0.208333
0 0.445312 0.343750 0.090625 0.120833
0 0.771875 0.366667 0.103125 0.137500
0 0.432812 0.360417 0.106250 0.141667
0 0.860156 0.706250 0.060937 0.100000
0 0.268750 0.837500 0.090625 0.129167
0 0.576562 0.127083 0.153125 0.204167
0 0.090625 0.804167 0.125000 0.087500
0 0.726562 0.627083 0.078125 0.104167
