0 0.476562 0.375000 0.146875 0.195833
0 0.151562 0.875000 0.084375 0.066667
0 0.309375 0.879167 0.125000 0.166667
0 0.571875 0.464583 0.053125 0.087500
0 0.784375 0.563542 0.093750 0.093750
0 0.221875 0.152083 0.146875 0.133333
0 0.381250 0.500000 0.153125 0.066667
0 0.832812 0.593750 0.125000 0.166667
0 0.441406 0.548958 0.076563 0.097917
0 0.504687 0.810417 0.143750 0.091667
0 0.109375 0.500000 0.068750 0.091667
0 0.495312 0.587500 0.065625 0.087500
0 0.518750 0.108333 0.121875 0.162500
0 0.510938 0.268750 0.084375 0.112500
