0 0.415625 0.516667 0.068750 0.091667
0 0.606250 0.458333 0.053125 0.095833
0 0.822656 0.356250 0.089063 0.062500
0 0.900000 0.695833 0.078125 0.125000
0 0.665625 0.592708 0.071875 0.122917
0 0.344531 0.833333 0.085938 0.095833
0 0.285156 0.739583 0.051562 0.083333
0 0.554688 0.183333 0.146875 0.162500
0 0.406250 0.883333 0.112500 0.083333
0 0.434375 0.731250 0.109375 0.095833
0 0.490625 0.377083 0.140625 0.187500
0 0.160156 0.860417 0.048438 0.120833
0 0.390625 0.761458 0.071875 0.118750
0 0.535937 0.546875 0.090625 0.118750
