0 0.817187 0.222917 0.078125 0.041667
0 0.311719 0.158333 0.073438 0.062500
0 0.657813 0.237500 0.137500 0.183333
0 0.753125 0.838542 0.071875 0.118750
0 0.181250 0.356250 0.071875 0.062500
0 0.585938 0.837500 0.053125 0.062500
0 0.200000 0.237500 0.131250 0.175000
0 0.879687 0.743750 0.071875 0.095833
0 0.221094 0.420833 0.057813 0.100000
0 0.392188 0.577083 0.071875 0.079167
0 0.709375 0.443750 0.071875 0.095833
0 0.503125 0.364583 0.143750 0.191667
0 0.670312 0.795833 0.137500 0.183333
0 0.710938 0.683333 0.125000 0.154167
0 0.416406 0.778125 0.070312 0.106250
0 0.883594 0.476042 0.085938 0.093750
