0 0.615625 0.504167 0.090625 0.120833
0 0.118750 0.464583 0.062500 0.083333
0 0.225000 0.887500 0.112500 0.150000
0 0.140625 0.336458 0.087500 0.081250
0 0.087500 0.683333 0.115625 0.058333
0 0.365625 0.191667 0.103125 0.050000
0 0.818750 0.891667 0.093750 0.054167
0 0.303906 0.351042 0.064062 0.106250
0 0.629687 0.468750 0.134375 0.179167
0 0.479687 0.297917 0.156250 0.208333
0 0.756250 0.591667 0.081250 0.083333
0 0.693750 0.428125 0.087500 0.085417
0 0.832812 0.458333 0.090625 0.129167
0 0.835938 0.677083 0.062500 0.083333
