0 0.229687 0.293750 0.093750 0.050000
0 0.512500 0.284375 0.090625 0.122917
0 0.396875 0.660417 0.118750 0.158333
0 0.935937 0.178125 0.062500 0.097917
0 0.379688 0.165625 0.084375 0.102083
0 0.425000 0.312500 0.068750 0.050000
0 0.596875 0.320833 0.093750 0.154167
0 0.423438 0.537500 0.121875 0.162500
0 0.707812 0.893750 0.068750 0.100000
0 0.554688 0.154167 0.150000 0.120833
0 0.821875 0.202083 0.093750 0.100000
0 0.870313 0.164583 0.137500 0.141667
0 0.632031 0.457292 0.060937 0.110417
0 0.450000 0.114583 0.100000 0.133333
