0 0.492969 0.720833 0.067187 0.070833
0 0.510938 0.314583 0.146875 0.195833
0 0.231250 0.352083 0.109375 0.137500
0 0.375000 0.720833 0.121875 0.162500
0 0.914062 0.938542 0.068750 0.093750
0 0.279687 0.587500 0.131250 0.175000
0 0.146875 0.537500 0.071875 0.145833
0 0.328125 0.850000 0.087500 0.116667
0 0.215625 0.391667 0.137500 0.183333
0 0.706250 0.114583 0.081250 0.108333
0 0.190625 0.770833 0.050000 0.083333
0 0.887500 0.141667 0.103125 0.137500
0 0.565625 0.513542 0.053125 0.106250
0 0.660937 0.253125 0.084375 0.085417
0 0.528906 0.375000 0.085938 0.075000
