0 0.571875 0.166667 0.078125 0.166667
0 0.851562 0.545833 0.090625 0.129167
0 0.710938 0.820833 0.109375 0.145833
0 0.498437 0.531250 0.103125 0.133333
0 0.583594 0.680208 0.064062 0.064583
0 0.290625 0.712500 0.093750 0.062500
0 0.652344 0.313542 0.070312 0.102083
0 0.346875 0.316667 0.078125 0.087500
0 0.303125 0.548958 0.065625 0.072917
0 0.887500 0.847917 0.075000 0.154167
0 0.760156 0.281250 0.054688 0.104167
0 0.842187 0.406250 0.071875 0.095833
0 0.312500 0.383333 0.146875 0.195833
0 0.756250 0.327083 0.090625 0.120833
0 0.801562 0.306250 0.084375 0.145833
