0 0.558594 0.388542 0.070312 0.077083
0 0.189062 0.275000 0.121875 0.162500
0 0.251563 0.314583 0.087500 0.116667
0 0.420312 0.818750 0.128125 0.133333
0 0.586719 0.278125 0.057813 0.081250
0 0.221875 0.841667 0.121875 0.137500
0 0.953125 0.285417 0.065625 0.079167
0 0.369531 0.172917 0.064062 0.120833
0 0.750000 0.152083 0.134375 0.179167
0 0.601562 0.593750 0.137500 0.125000
0 0.665625 0.612500 0.096875 0.150000
0 0.925000 0.869792 0.053125 0.093750
0 0.851562 0.770833 0.131250 0.095833
0 0.699219 0.401042 0.070312 0.106250
