0 0.563281 0.904167 0.067187 0.070833
0 0.845313 0.687500 0.128125 0.100000
0 0.437500 0.812500 0.103125 0.079167
0 0.543750 0.478125 0.087500 0.102083
0 0.882812 0.806250 0.109375 0.087500
0 0.501563 0.114583 0.075000 0.100000
0 0.253125 0.714583 0.128125 0.108333
0 0.818750 0.585417 0.096875 0.129167
0 0.812500 0.829167 0.134375 0.154167
0 0.454688 0.510417 0.131250 0.175000
0 0.145313 0.527083 0.109375 0.145833
0 0.575000 0.195833 0.087500 0.125000
0 0.465625 0.260417 0.115625 0.154167
0 0.339062 0.125000 0.093750 0.125000
