0 0.364063 0.295833 0.087500 0.083333
0 0.839063 0.800000 0.065625 0.087500
0 0.207813 0.277083 0.143750 0.079167
0 0.645312 0.329167 0.084375 0.100000
0 0.746875 0.432292 0.065625 0.102083
0 0.173437 0.902083 0.050000 0.091667
0 0.161719 0.697917 0.057813 0.104167
0 0.192188 0.487500 0.137500 0.183333
0 0.625000 0.462500 0.146875 0.195833
0 0.439063 0.727083 0.115625 0.154167
0 0.326562 0.350000 0.143750 0.150000
0 0.752344 0.601042 0.092188 0.077083
0 0.320312 0.687500 0.146875 0.137500
0 0.903125 0.678125 0.053125 0.085417
0 0.785156 0.185417 0.070312 0.087500
