0 0.115625 0.200000 0.131250 0.175000
0 0.892188 0.356250 0.112500 0.150000
0 0.729688 0.519792 0.050000 0.097917
0 0.914844 0.783333 0.067187 0.104167
0 0.714063 0.695833 0.087500 0.116667
0 0.234375 0.636458 0.075000 0.085417
0 0.823438 0.206250 0.118750 0.158333
0 0.089063 0.420833 0.096875 0.129167
0 0.898438 0.403125 0.062500 0.081250
0 0.175000 0.452083 0.121875 0.125000
0 0.397656 0.636458 0.057813 0.089583
0 0.460938 0.235417 0.087500 0.116667
0 0.585156 0.254167 0.079687 0.120833
0 0.593750 0.840625 0.084375 0.114583
