0 0.948438 0.432292 0.084375 0.106250
0 0.717187 0.350000 0.100000 0.133333
0 0.287500 0.289583 0.109375 0.145833
0 0.773438 0.921875 0.046875 0.081250
0 0.853125 0.179167 0.100000 0.133333
0 0.310937 0.851042 0.046875 0.102083
0 0.643750 0.335417 0.109375 0.137500
0 0.822656 0.844792 0.082812 0.089583
0 0.671875 0.568750 0.143750 0.191667
0 0.204687 0.236458 0.065625 0.118750
0 0.762500 0.431250 0.084375 0.083333
0 0.565625 0.591667 0.081250 0.079167
0 0.120313 0.385417 0.109375 0.154167
0 0.706250 0.368750 0.053125 0.079167
0 0.093750 0.535417 0.125000 0.083333
0 0.300000 0.114583 0.121875 0.150000
