0 0.518750 0.509375 0.065625 0.081250
0 0.232813 0.523958 0.075000 0.077083
0 0.881250 0.133333 0.143750 0.070833
0 0.696875 0.277083 0.071875 0.108333
0 0.356250 0.837500 0.153125 0.133333
0 0.239063 0.168750 0.050000 0.083333
0 0.367188 0.175000 0.121875 0.162500
0 0.562500 0.889583 0.115625 0.154167
0 0.861719 0.193750 0.054688 0.104167
0 0.476562 0.542708 0.068750 0.081250
0 0.132812 0.556250 0.084375 0.108333
0 0.353125 0.685417 0.068750 0.091667
0 0.723437 0.343750 0.137500 0.183333
0 0.517188 0.316667 0.075000 0.100000
0 0.635938 0.325000 0.068750 0.091667
