0 0.503906 0.379167 0.089063 0.125000
0 0.864062 0.647917 0.125000 0.166667
0 0.296875 0.660417 0.125000 0.129167
0 0.927344 0.523958 0.092188 0.064583
0 0.606250 0.158333 0.065625 0.087500
0 0.096875 0.391667 0.156250 0.208333
0 0.220312 0.564583 0.050000 0.075000
0 0.396875 0.310417 0.156250 0.208333
0 0.571875 0.893750 0.156250 0.129167
0 0.464062 0.225000 0.087500 0.116667
0 0.847656 0.814583 0.089063 0.070833
0 0.542969 0.328125 0.092188 0.089583
0 0.912500 0.556250 0.125000 0.166667
0 0.432812 0.262500 0.068750 0.066667
0 0.812500 0.706250 0.115625 0.154167
0 0.785937 0.189583 0.084375 0.083333
