0 0.831250 0.556250 0.065625 0.079167
0 0.629687 0.656250 0.068750 0.070833
0 0.554688 0.164583 0.062500 0.083333
0 0.558594 0.642708 0.054688 0.064583
0 0.123438 0.202083 0.093750 0.079167
0 0.888281 0.459375 0.054688 0.085417
0 0.203125 0.928125 0.068750 0.106250
0 0.250000 0.239583 0.128125 0.170833
0 0.476562 0.164583 0.146875 0.195833
0 0.487500 0.558333 0.081250 0.108333
0 0.884375 0.731250 0.090625 0.116667
0 0.668750 0.822917 0.121875 0.162500
0 0.629687 0.122917 0.115625 0.091667
0 0.896875 0.500000 0.065625 0.087500
0 0.422656 0.579167 0.079687 0.079167
