0 0.642188 0.506250 0.071875 0.095833
0 0.113281 0.206250 0.048438 0.100000
0 0.665625 0.158333 0.128125 0.070833
0 0.331250 0.368750 0.087500 0.137500
0 0.431250 0.579167 0.081250 0.091667
0 0.304688 0.533333 0.053125 0.112500
0 0.778125 0.127083 0.084375 0.041667
0 0.902344 0.193750 0.089063 0.079167
0 0.138281 0.756250 0.076563 0.095833
0 0.348438 0.318750 0.137500 0.145833
0 0.910937 0.583333 0.078125 0.104167
0 0.900000 0.162500 0.075000 0.100000
0 0.890625 0.777083 0.131250 0.175000
0 0.681250 0.272917 0.137500 0.183333
0 0.268750 0.339583 0.153125 0.129167
