0 0.439063 0.572917 0.087500 0.158333
0 0.256250 0.237500 0.100000 0.066667
0 0.170313 0.262500 0.137500 0.183333
0 0.548438 0.527083 0.134375 0.125000
0 0.353125 0.479167 0.081250 0.108333
0 0.242969 0.532292 0.067187 0.064583
0 0.109375 0.737500 0.093750 0.062500
0 0.785937 0.158333 0.118750 0.058333
0 0.225000 0.370833 0.140625 0.187500
0 0.335938 0.645833 0.103125 0.095833
0 0.503125 0.443750 0.134375 0.112500
0 0.589063 0.581250 0.121875 0.095833
0 0.151562 0.258333 0.084375 0.112500
0 0.387500 0.289583 0.125000 0.166667
0 0.225000 0.766667 0.096875 0.129167
0 0.232031 0.593750 0.064062 0.075000
