0 0.460938 0.254167 0.146875 0.195833
0 0.539062 0.310417 0.115625 0.154167
0 0.159375 0.831250 0.075000 0.075000
0 0.735938 0.245833 0.050000 0.070833
0 0.232813 0.710417 0.109375 0.079167
0 0.081250 0.360417 0.125000 0.125000
0 0.668750 0.389583 0.112500 0.091667
0 0.392188 0.602083 0.128125 0.170833
0 0.145313 0.139583 0.078125 0.100000
0 0.854688 0.363542 0.081250 0.089583
0 0.238281 0.728125 0.048438 0.110417
0 0.123438 0.693750 0.146875 0.054167
0 0.357812 0.285417 0.121875 0.100000
0 0.692187 0.397917 0.093750 0.166667
0 0.812500 0.750000 0.068750 0.075000
