0 0.196875 0.493750 0.134375 0.112500
0 0.573438 0.129167 0.125000 0.166667
0 0.651563 0.837500 0.156250 0.208333
0 0.240625 0.472917 0.106250 0.091667
0 0.531250 0.820833 0.125000 0.054167
0 0.340625 0.654167 0.100000 0.141667
0 0.851562 0.733333 0.090625 0.133333
0 0.710938 0.687500 0.065625 0.150000
0 0.901563 0.789583 0.084375 0.070833
0 0.586719 0.490625 0.082812 0.106250
0 0.220312 0.895833 0.087500 0.120833
0 0.131250 0.675000 0.084375 0.070833
0 0.689844 0.945833 0.076563 0.100000
0 0.843750 0.304167 0.071875 0.104167
