0 0.127344 0.217708 0.085938 0.064583
0 0.082812 0.381250 0.093750 0.150000
0 0.459375 0.456250 0.150000 0.200000
0 0.817969 0.772917 0.054688 0.070833
0 0.237500 0.239583 0.081250 0.116667
0 0.629687 0.366667 0.156250 0.208333
0 0.165625 0.181250 0.140625 0.187500
0 0.739062 0.187500 0.078125 0.125000
0 0.462500 0.426042 0.093750 0.085417
0 0.207813 0.710417 0.075000 0.108333
0 0.837500 0.502083 0.156250 0.075000
0 0.406250 0.106250 0.090625 0.120833
0 0.608594 0.890625 0.067187 0.077083
0 0.620313 0.529167 0.096875 0.100000
0 0.757812 0.666667 0.087500 0.116667
0 0.767188 0.345833 0.087500 0.116667
