0 0.638281 0.679167 0.051562 0.095833
0 0.537500 0.687500 0.106250 0.141667
0 0.539062 0.297917 0.131250 0.162500
0 0.569531 0.698958 0.079687 0.093750
0 0.341406 0.879167 0.051562 0.091667
0 0.189062 0.277083 0.115625 0.058333
0 0.375000 0.560417 0.121875 0.070833
0 0.723437 0.333333 0.118750 0.158333
0 0.578125 0.200000 0.118750 0.120833
0 0.316406 0.866667 0.051562 0.079167
0 0.582031 0.320833 0.057813 0.120833
0 0.857812 0.177083 0.093750 0.125000
0 0.637500 0.242708 0.090625 0.077083
0 0.871875 0.455208 0.084375 0.122917
0 0.818750 0.345833 0.065625 0.087500
0 0.871875 0.232292 0.071875 0.077083
