0 0.520312 0.837500 0.118750 0.075000
0 0.251563 0.577083 0.100000 0.133333
0 0.361719 0.456250 0.082812 0.112500
0 0.224219 0.534375 0.060937 0.064583
0 0.235937 0.193750 0.071875 0.145833
0 0.329688 0.779167 0.156250 0.208333
0 0.407813 0.612500 0.128125 0.170833
0 0.168750 0.731250 0.128125 0.100000
0 0.326562 0.475000 0.087500 0.058333
0 0.354687 0.495833 0.084375 0.095833
0 0.601562 0.391667 0.156250 0.070833
0 0.303125 0.856250 0.156250 0.075000
0 0.200000 0.281250 0.128125 0.120833
0 0.339062 0.468750 0.093750 0.066667
0 0.828125 0.720833 0.100000 0.158333
