0 0.270313 0.665625 0.065625 0.077083
0 0.315625 0.237500 0.134375 0.083333
0 0.600000 0.358333 0.134375 0.179167
0 0.879687 0.727083 0.081250 0.062500
0 0.667188 0.758333 0.059375 0.083333
0 0.595313 0.829167 0.131250 0.175000
0 0.335938 0.608333 0.071875 0.095833
0 0.542188 0.383333 0.056250 0.066667
0 0.514062 0.397917 0.118750 0.158333
0 0.715625 0.589583 0.125000 0.116667
0 0.447656 0.875000 0.051562 0.091667
0 0.357812 0.563542 0.065625 0.089583
0 0.378125 0.691667 0.128125 0.054167
0 0.881250 0.468750 0.065625 0.133333
0 0.764062 0.185417 0.100000 0.041667
0 0.754687 0.718750 0.125000 0.058333
