0 0.764062 0.641667 0.128125 0.104167
0 0.900000 0.818750 0.090625 0.120833
0 0.157812 0.701042 0.050000 0.085417
0 0.842969 0.619792 0.051562 0.118750
0 0.699219 0.421875 0.082812 0.106250
0 0.384375 0.314583 0.100000 0.066667
0 0.201563 0.793750 0.137500 0.133333
0 0.526563 0.532292 0.081250 0.106250
0 0.635938 0.881250 0.137500 0.095833
0 0.478125 0.527083 0.068750 0.091667
0 0.373437 0.568750 0.078125 0.104167
0 0.188281 0.595833 0.089063 0.116667
0 0.165625 0.527083 0.156250 0.054167
0 0.783594 0.338542 0.073438 0.097917
0 0.661719 0.195833 0.060937 0.095833
0 0.159375 0.634375 0.093750 0.122917
