0 0.595313 0.727083 0.112500 0.150000
0 0.671875 0.516667 0.100000 0.133333
0 0.640625 0.930208 0.071875 0.106250
0 0.215625 0.610417 0.090625 0.116667
0 0.390625 0.198958 0.093750 0.068750
0 0.558594 0.489583 0.076563 0.066667
0 0.587500 0.491667 0.150000 0.095833
0 0.909375 0.527083 0.100000 0.133333
0 0.703125 0.639583 0.112500 0.133333
0 0.696875 0.375000 0.115625 0.154167
0 0.808594 0.247917 0.076563 0.079167
0 0.835938 0.497917 0.078125 0.066667
0 0.198437 0.779167 0.062500 0.079167
0 0.568750 0.822917 0.112500 0.141667
0 0.160938 0.410417 0.137500 0.041667
