0 0.343750 0.450000 0.112500 0.091667
0 0.153125 0.614583 0.137500 0.050000
0 0.728125 0.456250 0.053125 0.112500
0 0.371875 0.268750 0.065625 0.087500
0 0.793750 0.720833 0.121875 0.112500
0 0.278125 0.104167 0.087500 0.116667
0 0.567187 0.445833 0.140625 0.116667
0 0.451562 0.537500 0.106250 0.141667
0 0.131250 0.472917 0.103125 0.145833
0 0.491406 0.635417 0.054688 0.083333
0 0.556250 0.302083 0.090625 0.120833
0 0.342187 0.500000 0.090625 0.041667
0 0.112500 0.768750 0.068750 0.091667
0 0.550000 0.443750 0.106250 0.141667
