0 0.673438 0.487500 0.150000 0.200000
0 0.217188 0.539583 0.103125 0.137500
0 0.700000 0.400000 0.068750 0.062500
0 0.717187 0.657292 0.084375 0.097917
0 0.487500 0.636458 0.068750 0.068750
0 0.673438 0.868750 0.068750 0.087500
0 0.526563 0.179167 0.046875 0.095833
0 0.586719 0.792708 0.054688 0.064583
0 0.808594 0.763542 0.070312 0.068750
0 0.539844 0.480208 0.048438 0.118750
0 0.501563 0.277083 0.096875 0.116667
0 0.107813 0.375000 0.150000 0.154167
0 0.393750 0.700000 0.140625 0.187500
0 0.352344 0.227083 0.079687 0.091667
