0 0.507812 0.220833 0.106250 0.150000
0 0.115625 0.745833 0.090625 0.120833
0 0.802344 0.693750 0.048438 0.083333
0 0.367188 0.145833 0.112500 0.075000
0 0.251563 0.114583 0.118750 0.158333
0 0.443750 0.436458 0.062500 0.114583
0 0.560156 0.279167 0.082812 0.100000
0 0.603125 0.597917 0.118750 0.158333
0 0.779687 0.764583 0.121875 0.162500
0 0.373437 0.856250 0.143750 0.191667
0 0.605469 0.661458 0.076563 0.114583
0 0.712500 0.414583 0.078125 0.104167
0 0.292187 0.787500 0.071875 0.141667
0 0.520312 0.785417 0.090625 0.141667
0 0.421875 0.331250 0.062500 0.083333
