0 0.567187 0.500000 0.128125 0.058333
0 0.587500 0.347917 0.062500 0.091667
0 0.325000 0.504167 0.128125 0.125000
0 0.500000 0.112500 0.115625 0.154167
0 0.460938 0.644792 0.090625 0.089583
0 0.413281 0.469792 0.085938 0.081250
0 0.543750 0.706250 0.068750 0.116667
0 0.700000 0.466667 0.103125 0.137500
0 0.364063 0.192708 0.090625 0.102083
0 0.246875 0.289583 0.093750 0.070833
0 0.289062 0.280208 0.050000 0.102083
0 0.339062 0.385417 0.146875 0.162500
0 0.178125 0.887500 0.140625 0.054167
0 0.348438 0.170833 0.118750 0.158333
0 0.734375 0.418750 0.118750 0.158333
0 0.635938 0.587500 0.140625 0.187500
