0 0.720313 0.356250 0.112500 0.150000
0 0.337500 0.247917 0.071875 0.112500
0 0.736719 0.608333 0.079687 0.062500
0 0.568750 0.360417 0.090625 0.120833
0 0.356250 0.729167 0.068750 0.070833
0 0.383594 0.775000 0.070312 0.100000
0 0.089063 0.395833 0.100000 0.133333
0 0.512500 0.568750 0.065625 0.087500
0 0.561719 0.331250 0.064062 0.100000
0 0.359375 0.443750 0.084375 0.112500
0 0.667188 0.864583 0.112500 0.145833
0 0.621875 0.697917 0.078125 0.104167
0 0.390625 0.652083 0.109375 0.125000
0 0.342187 0.756250 0.100000 0.133333
