0 0.185938 0.422917 0.090625 0.054167
0 0.727344 0.470833 0.051562 0.062500
0 0.112500 0.864583 0.053125 0.087500
0 0.109375 0.827083 0.075000 0.100000
0 0.246875 0.210417 0.078125 0.120833
0 0.526563 0.810417 0.134375 0.179167
0 0.807813 0.403125 0.090625 0.064583
0 0.729688 0.439583 0.150000 0.129167
0 0.085938 0.700000 0.118750 0.158333
0 0.947656 0.886458 0.092188 0.077083
0 0.226562 0.516667 0.065625 0.150000
0 0.340625 0.756250 0.131250 0.058333
0 0.382812 0.522917 0.146875 0.195833
0 0.496875 0.662500 0.090625 0.108333
0 0.551562 0.862500 0.128125 0.170833
0 0.192188 0.595833 0.128125 0.170833
