0 0.770312 0.714583 0.156250 0.208333
0 0.584375 0.139583 0.131250 0.175000
0 0.545312 0.339583 0.146875 0.070833
0 0.757812 0.293750 0.115625 0.050000
0 0.514062 0.764583 0.065625 0.054167
0 0.486719 0.801042 0.089063 0.089583
0 0.715625 0.120833 0.153125 0.204167
0 0.179688 0.498958 0.081250 0.064583
0 0.858594 0.630208 0.051562 0.068750
0 0.460938 0.493750 0.146875 0.050000
0 0.579688 0.347917 0.068750 0.104167
0 0.812500 0.700000 0.153125 0.158333
0 0.087500 0.483333 0.156250 0.162500
0 0.846875 0.808333 0.065625 0.133333
0 0.610938 0.372917 0.075000 0.150000
0 0.797656 0.651042 0.085938 0.064583
