0 0.382812 0.537500 0.100000 0.133333
0 0.806250 0.877083 0.103125 0.137500
0 0.857812 0.606250 0.062500 0.083333
0 0.325000 0.612500 0.118750 0.158333
0 0.871094 0.863542 0.073438 0.081250
0 0.717187 0.835417 0.118750 0.158333
0 0.629687 0.852083 0.090625 0.083333
0 0.198437 0.400000 0.134375 0.050000
0 0.788281 0.715625 0.048438 0.102083
0 0.492188 0.556250 0.106250 0.141667
0 0.221875 0.614583 0.125000 0.166667
0 0.706250 0.487500 0.103125 0.137500
0 0.425000 0.591667 0.068750 0.091667
0 0.535937 0.468750 0.068750 0.091667
0 0.725781 0.719792 0.054688 0.068750
0 0.221875 0.877083 0.137500 0.075000
