0 0.365625 0.827083 0.087500 0.058333
0 0.653125 0.766667 0.125000 0.166667
0 0.488281 0.743750 0.073438 0.066667
0 0.556250 0.741667 0.106250 0.141667
0 0.467969 0.497917 0.070312 0.075000
0 0.093750 0.333333 0.103125 0.137500
0 0.735938 0.370833 0.112500 0.133333
0 0.792188 0.643750 0.078125 0.137500
0 0.100000 0.487500 0.096875 0.129167
0 0.817187 0.762500 0.128125 0.170833
0 0.520312 0.108333 0.125000 0.166667
0 0.539062 0.183333 0.118750 0.158333
0 0.821875 0.385417 0.140625 0.187500
0 0.889062 0.645833 0.131250 0.175000
