0 0.741406 0.659375 0.092188 0.081250
0 0.672656 0.585417 0.092188 0.120833
0 0.260937 0.339583 0.068750 0.091667
0 0.132812 0.272917 0.081250 0.070833
0 0.641406 0.931250 0.073438 0.112500
0 0.350000 0.681250 0.090625 0.058333
0 0.614062 0.464583 0.090625 0.120833
0 0.623437 0.110417 0.075000 0.091667
0 0.826562 0.409375 0.050000 0.122917
0 0.126562 0.361458 0.093750 0.110417
0 0.226562 0.766667 0.109375 0.145833
0 0.910937 0.837500 0.075000 0.066667
0 0.892188 0.760417 0.109375 0.145833
0 0.145313 0.187500 0.071875 0.095833
0 0.695312 0.164583 0.150000 0.200000
