0 0.370312 0.515625 0.078125 0.068750
0 0.423438 0.226042 0.087500 0.110417
0 0.721875 0.455208 0.056250 0.077083
0 0.629687 0.506250 0.062500 0.166667
0 0.575000 0.868750 0.109375 0.145833
0 0.628125 0.798958 0.059375 0.102083
0 0.879687 0.197917 0.143750 0.191667
0 0.537500 0.827083 0.112500 0.087500
0 0.678125 0.502083 0.093750 0.125000
0 0.745313 0.737500 0.068750 0.091667
0 0.763281 0.400000 0.067187 0.075000
0 0.423438 0.789583 0.062500 0.083333
0 0.495312 0.262500 0.071875 0.095833
0 0.167187 0.322917 0.065625 0.087500
0 0.907813 0.356250 0.081250 0.083333
0 0.665625 0.841667 0.071875 0.087500
