0 0.404687 0.672917 0.128125 0.170833
0 0.682813 0.581250 0.065625 0.087500
0 0.632812 0.231250 0.118750 0.158333
0 0.128125 0.870833 0.156250 0.208333
0 0.307812 0.191667 0.128125 0.170833
0 0.682813 0.666667 0.156250 0.208333
0 0.908594 0.755208 0.060937 0.089583
0 0.820312 0.177083 0.093750 0.066667
0 0.532813 0.325000 0.137500 0.183333
0 0.738281 0.383333 0.079687 0.125000
0 0.240625 0.231250 0.128125 0.170833
0 0.846094 0.677083 0.092188 0.066667
0 0.375000 0.239583 0.112500 0.150000
0 0.520312 0.383333 0.078125 0.066667
0 0.684375 0.227083 0.125000 0.137500
0 0.321875 0.850000 0.078125 0.104167
