0 0.817187 0.339583 0.156250 0.208333
0 0.489063 0.668750 0.087500 0.079167
0 0.284375 0.272917 0.153125 0.070833
0 0.343750 0.168750 0.071875 0.070833
0 0.584375 0.158333 0.103125 0.137500
0 0.614062 0.245833 0.071875 0.095833
0 0.470313 0.760417 0.065625 0.058333
0 0.243750 0.769792 0.068750 0.093750
0 0.650000 0.731250 0.068750 0.120833
0 0.681250 0.334375 0.062500 0.093750
0 0.396875 0.455208 0.050000 0.064583
0 0.268750 0.431250 0.118750 0.116667
0 0.612500 0.188542 0.090625 0.081250
0 0.585938 0.679167 0.075000 0.100000
0 0.125000 0.375000 0.081250 0.112500
0 0.678125 0.418750 0.156250 0.058333
