0 0.487500 0.545833 0.053125 0.108333
0 0.851562 0.372917 0.143750 0.041667
0 0.114062 0.843750 0.059375 0.087500
0 0.487500 0.843750 0.093750 0.095833
0 0.606250 0.618750 0.078125 0.133333
0 0.527344 0.518750 0.064062 0.116667
0 0.412500 0.187500 0.075000 0.083333
0 0.696094 0.351042 0.079687 0.110417
0 0.717187 0.631250 0.121875 0.145833
0 0.638281 0.481250 0.054688 0.091667
0 0.773438 0.143750 0.075000 0.100000
0 0.321875 0.377083 0.084375 0.075000
0 0.859375 0.208333 0.075000 0.062500
0 0.503125 0.529167 0.103125 0.125000
0 0.757812 0.733333 0.068750 0.091667
