0 0.667188 0.416667 0.068750 0.091667
0 0.759375 0.287500 0.087500 0.116667
0 0.890625 0.229167 0.146875 0.150000
0 0.476562 0.530208 0.093750 0.114583
0 0.293750 0.206250 0.084375 0.112500
0 0.201563 0.508333 0.137500 0.083333
0 0.559375 0.779167 0.131250 0.175000
0 0.081250 0.252083 0.131250 0.062500
0 0.181250 0.652083 0.106250 0.079167
0 0.581250 0.841667 0.156250 0.133333
0 0.321875 0.725000 0.068750 0.091667
0 0.228906 0.336458 0.073438 0.089583
0 0.693750 0.129167 0.087500 0.054167
0 0.267188 0.425000 0.156250 0.133333
