0 0.596094 0.490625 0.085938 0.110417
0 0.939844 0.435417 0.089063 0.108333
0 0.581250 0.877083 0.109375 0.041667
0 0.379688 0.506250 0.075000 0.104167
0 0.084375 0.433333 0.087500 0.075000
0 0.573438 0.452083 0.106250 0.141667
0 0.475000 0.694792 0.081250 0.085417
0 0.243750 0.502083 0.093750 0.100000
0 0.662500 0.714583 0.087500 0.079167
0 0.289062 0.858333 0.100000 0.133333
0 0.085938 0.752083 0.093750 0.041667
0 0.500000 0.433333 0.150000 0.200000
0 0.459375 0.354167 0.090625 0.075000
0 0.396875 0.414583 0.081250 0.108333
0 0.634375 0.237500 0.112500 0.070833
0 0.592187 0.602083 0.081250 0.108333
