0 0.231250 0.285417 0.131250 0.087500
0 0.360938 0.581250 0.093750 0.041667
0 0.512500 0.500000 0.143750 0.191667
0 0.514062 0.410417 0.146875 0.195833
0 0.442188 0.507292 0.087500 0.114583
0 0.227344 0.396875 0.073438 0.077083
0 0.501563 0.239583 0.084375 0.083333
0 0.178125 0.768750 0.109375 0.145833
0 0.078125 0.802083 0.062500 0.083333
0 0.767188 0.412500 0.121875 0.162500
0 0.557813 0.243750 0.053125 0.066667
0 0.389062 0.318750 0.078125 0.104167
0 0.515625 0.804167 0.153125 0.041667
0 0.759375 0.227083 0.131250 0.079167
0 0.195312 0.560417 0.109375 0.100000
