0 0.078125 0.683333 0.125000 0.166667
0 0.606250 0.460417 0.096875 0.129167
0 0.660937 0.887500 0.109375 0.145833
0 0.321875 0.207292 0.050000 0.072917
0 0.578125 0.345833 0.100000 0.133333
0 0.312500 0.862500 0.156250 0.208333
0 0.927344 0.198958 0.060937 0.118750
0 0.640625 0.822917 0.137500 0.183333
0 0.490625 0.181250 0.096875 0.095833
0 0.690625 0.390625 0.046875 0.077083
0 0.316406 0.816667 0.082812 0.070833
0 0.248438 0.268750 0.106250 0.141667
0 0.843750 0.843750 0.128125 0.100000
0 0.671875 0.841667 0.134375 0.045833
0 0.234375 0.754167 0.128125 0.170833
0 0.244531 0.402083 0.092188 0.083333
