0 0.710938 0.691667 0.128125 0.108333
0 0.521875 0.743750 0.125000 0.141667
0 0.123438 0.240625 0.068750 0.077083
0 0.576562 0.350000 0.153125 0.125000
0 0.703125 0.404167 0.068750 0.091667
0 0.812500 0.439583 0.153125 0.104167
0 0.650000 0.495833 0.131250 0.137500
0 0.310937 0.300000 0.046875 0.125000
0 0.880469 0.313542 0.089063 0.093750
0 0.389062 0.675000 0.078125 0.125000
0 0.458594 0.237500 0.057813 0.112500
0 0.504687 0.495833 0.090625 0.108333
0 0.547656 0.334375 0.048438 0.102083
0 0.182812 0.677083 0.131250 0.162500
0 0.486719 0.476042 0.060937 0.102083
0 0.584375 0.225000 0.050000 0.095833
