0 0.721094 0.310417 0.073438 0.100000
0 0.710938 0.643750 0.103125 0.062500
0 0.837500 0.541667 0.093750 0.133333
0 0.107813 0.162500 0.093750 0.125000
0 0.578125 0.257292 0.071875 0.093750
0 0.734375 0.231250 0.143750 0.191667
0 0.692187 0.593750 0.075000 0.070833
0 0.692187 0.305208 0.059375 0.077083
0 0.557813 0.268750 0.128125 0.133333
0 0.743750 0.816667 0.109375 0.158333
0 0.764062 0.754167 0.084375 0.112500
0 0.103125 0.239583 0.153125 0.108333
0 0.212500 0.720833 0.140625 0.187500
0 0.840625 0.156250 0.090625 0.120833
