0 0.846875 0.735417 0.153125 0.204167
0 0.603906 0.919792 0.054688 0.110417
0 0.507812 0.379167 0.081250 0.112500
0 0.807813 0.889583 0.081250 0.075000
0 0.675000 0.325000 0.081250 0.083333
0 0.853125 0.522917 0.087500 0.125000
0 0.870313 0.683333 0.071875 0.095833
0 0.207031 0.536458 0.070312 0.072917
0 0.392188 0.141667 0.121875 0.162500
0 0.546875 0.170833 0.106250 0.150000
0 0.535937 0.452083 0.087500 0.066667
0 0.096875 0.387500 0.093750 0.116667
0 0.650000 0.425000 0.140625 0.062500
0 0.859375 0.201042 0.090625 0.089583
0 0.867188 0.608333 0.065625 0.070833
