0 0.773438 0.366667 0.078125 0.104167
0 0.503125 0.547917 0.150000 0.200000
0 0.645312 0.302083 0.125000 0.166667
0 0.912500 0.746875 0.071875 0.102083
0 0.207031 0.431250 0.051562 0.075000
0 0.109375 0.735417 0.109375 0.145833
0 0.098437 0.600000 0.115625 0.083333
0 0.340625 0.879167 0.146875 0.058333
0 0.507812 0.502083 0.115625 0.091667
0 0.621875 0.337500 0.112500 0.100000
0 0.628906 0.905208 0.070312 0.114583
0 0.457813 0.154167 0.068750 0.166667
0 0.781250 0.832292 0.065625 0.064583
0 0.822656 0.793750 0.057813 0.095833
0 0.428125 0.789583 0.062500 0.112500
0 0.273438 0.204167 0.084375 0.112500
