0 0.164062 0.381250 0.131250 0.087500
0 0.693750 0.752083 0.075000 0.145833
0 0.734375 0.462500 0.081250 0.104167
0 0.339062 0.600000 0.106250 0.141667
0 0.475000 0.779167 0.143750 0.075000
0 0.673438 0.452083 0.090625 0.120833
0 0.868750 0.377083 0.071875 0.120833
0 0.856250 0.520833 0.109375 0.112500
0 0.635938 0.520833 0.143750 0.050000
0 0.432812 0.727083 0.146875 0.050000
0 0.914062 0.266667 0.153125 0.129167
0 0.412500 0.887500 0.096875 0.129167
0 0.296875 0.170833 0.062500 0.083333
0 0.292187 0.385417 0.153125 0.204167
