0 0.892969 0.834375 0.054688 0.077083
0 0.112500 0.160417 0.137500 0.183333
0 0.550781 0.677083 0.051562 0.108333
0 0.137500 0.928125 0.046875 0.114583
0 0.125000 0.538542 0.078125 0.118750
0 0.234375 0.608333 0.087500 0.062500
0 0.123438 0.414583 0.100000 0.133333
0 0.860938 0.572917 0.087500 0.050000
0 0.565625 0.477083 0.121875 0.162500
0 0.663281 0.855208 0.076563 0.118750
0 0.418750 0.537500 0.140625 0.075000
0 0.376563 0.331250 0.128125 0.050000
0 0.229687 0.666667 0.153125 0.129167
0 0.640625 0.764583 0.081250 0.108333
0 0.889062 0.895833 0.153125 0.204167
