0 0.396875 0.683333 0.100000 0.133333
0 0.214062 0.112500 0.078125 0.045833
0 0.372656 0.268750 0.060937 0.062500
0 0.659375 0.429167 0.096875 0.129167
0 0.731250 0.641667 0.084375 0.112500
0 0.098437 0.162500 0.103125 0.137500
0 0.467187 0.168750 0.112500 0.150000
0 0.907813 0.637500 0.078125 0.104167
0 0.721875 0.766667 0.075000 0.100000
0 0.784375 0.226042 0.050000 0.089583
0 0.315625 0.729167 0.134375 0.179167
0 0.305469 0.817708 0.048438 0.114583
0 0.684375 0.861458 0.065625 0.081250
0 0.584375 0.429167 0.156250 0.145833
0 0.782031 0.355208 0.051562 0.072917
0 0.854688 0.402083 0.075000 0.100000
