0 0.332813 0.690625 0.065625 0.085417
0 0.417187 0.885417 0.131250 0.175000
0 0.671094 0.911458 0.064062 0.068750
0 0.894531 0.861458 0.079687 0.106250
0 0.442188 0.697917 0.125000 0.158333
0 0.210938 0.575000 0.103125 0.137500
0 0.483594 0.919792 0.092188 0.072917
0 0.591406 0.582292 0.057813 0.072917
0 0.784375 0.504167 0.071875 0.070833
0 0.456250 0.214583 0.112500 0.150000
0 0.242188 0.256250 0.137500 0.154167
0 0.720313 0.808333 0.100000 0.133333
0 0.445312 0.620833 0.090625 0.045833
0 0.470313 0.227083 0.103125 0.137500
0 0.496875 0.554167 0.100000 0.079167
0 0.723437 0.391667 0.062500 0.083333
