0 0.428125 0.448958 0.071875 0.097917
0 0.282031 0.558333 0.054688 0.104167
0 0.876563 0.679167 0.075000 0.100000
0 0.084375 0.693750 0.084375 0.058333
0 0.267188 0.258333 0.137500 0.183333
0 0.079687 0.837500 0.062500 0.141667
0 0.746094 0.644792 0.085938 0.068750
0 0.764062 0.577083 0.078125 0.054167
0 0.115625 0.619792 0.075000 0.093750
0 0.536719 0.152083 0.079687 0.095833
0 0.742188 0.556250 0.090625 0.120833
0 0.359375 0.652083 0.087500 0.116667
0 0.245312 0.393750 0.115625 0.062500
0 0.843750 0.204167 0.096875 0.100000
0 0.756250 0.635417 0.146875 0.195833
0 0.601562 0.863542 0.062500 0.093750
