0 0.922656 0.855208 0.070312 0.064583
0 0.432812 0.293750 0.103125 0.150000
0 0.653125 0.468750 0.062500 0.083333
0 0.482031 0.722917 0.085938 0.062500
0 0.354687 0.737500 0.087500 0.162500
0 0.592187 0.841667 0.093750 0.133333
0 0.176563 0.360417 0.109375 0.145833
0 0.110937 0.445833 0.071875 0.095833
0 0.082812 0.510417 0.121875 0.162500
0 0.220312 0.443750 0.068750 0.083333
0 0.503125 0.760417 0.118750 0.133333
0 0.320312 0.472917 0.065625 0.087500
0 0.212500 0.621875 0.065625 0.114583
0 0.582812 0.854167 0.153125 0.204167
0 0.560937 0.406250 0.062500 0.045833
0 0.546875 0.784375 0.062500 0.106250
