0 0.092188 0.360417 0.093750 0.087500
0 0.476562 0.285417 0.115625 0.125000
0 0.778125 0.297917 0.121875 0.158333
0 0.265625 0.437500 0.137500 0.141667
0 0.578125 0.500000 0.081250 0.116667
0 0.342187 0.425000 0.068750 0.075000
0 0.196875 0.485417 0.084375 0.100000
0 0.892188 0.856250 0.118750 0.141667
0 0.267188 0.364583 0.121875 0.162500
0 0.246875 0.648958 0.059375 0.122917
0 0.303125 0.388542 0.068750 0.081250
0 0.917188 0.639583 0.109375 0.041667
0 0.795312 0.766667 0.068750 0.108333
0 0.318750 0.702083 0.118750 0.158333
0 0.670312 0.603125 0.081250 0.097917
0 0.149219 0.910417 0.085938 0.125000
