0 0.551562 0.689583 0.140625 0.187500
0 0.693750 0.241667 0.053125 0.062500
0 0.449219 0.222917 0.079687 0.116667
0 0.256250 0.573958 0.068750 0.097917
0 0.850000 0.583333 0.078125 0.104167
0 0.735938 0.618750 0.068750 0.091667
0 0.850781 0.209375 0.070312 0.068750
0 0.854688 0.766667 0.143750 0.083333
0 0.137500 0.602083 0.093750 0.095833
0 0.878125 0.310417 0.090625 0.112500
0 0.412500 0.510417 0.046875 0.066667
0 0.821875 0.760417 0.143750 0.191667
0 0.407813 0.779167 0.068750 0.091667
0 0.434375 0.172917 0.137500 0.045833
