0 0.465625 0.743750 0.084375 0.045833
0 0.145313 0.858333 0.125000 0.083333
0 0.662500 0.931250 0.065625 0.079167
0 0.695312 0.191667 0.100000 0.133333
0 0.368750 0.591667 0.109375 0.075000
0 0.214844 0.535417 0.051562 0.070833
0 0.546875 0.693750 0.112500 0.150000
0 0.562500 0.814583 0.143750 0.120833
0 0.929688 0.292708 0.053125 0.106250
0 0.426563 0.439583 0.140625 0.104167
0 0.432031 0.840625 0.092188 0.064583
0 0.340625 0.616667 0.062500 0.083333
0 0.257812 0.800000 0.068750 0.087500
0 0.760938 0.814583 0.106250 0.095833
0 0.459375 0.720833 0.143750 0.045833
0 0.910937 0.585417 0.146875 0.195833
