0 0.243750 0.679167 0.078125 0.054167
0 0.299219 0.833333 0.073438 0.091667
0 0.448437 0.741667 0.150000 0.054167
0 0.921875 0.756250 0.121875 0.087500
0 0.682813 0.739583 0.071875 0.095833
0 0.267188 0.564583 0.156250 0.208333
0 0.542969 0.698958 0.054688 0.114583
0 0.168750 0.150000 0.075000 0.100000
0 0.209375 0.195833 0.065625 0.087500
0 0.901563 0.841667 0.081250 0.108333
0 0.156250 0.664583 0.134375 0.154167
0 0.320312 0.205208 0.050000 0.072917
0 0.917188 0.608333 0.106250 0.141667
0 0.882812 0.929167 0.053125 0.087500
0 0.453125 0.320833 0.115625 0.154167
0 0.879687 0.591667 0.071875 0.137500
