0 0.670312 0.352083 0.062500 0.079167
0 0.167187 0.583333 0.143750 0.191667
0 0.439063 0.405208 0.056250 0.081250
0 0.216406 0.515625 0.089063 0.064583
0 0.615625 0.145833 0.106250 0.141667
0 0.265625 0.475000 0.150000 0.066667
0 0.504687 0.542708 0.081250 0.106250
0 0.389844 0.836458 0.079687 0.068750
0 0.592969 0.572917 0.070312 0.075000
0 0.704688 0.468750 0.137500 0.183333
0 0.428125 0.597917 0.153125 0.041667
0 0.546875 0.760417 0.081250 0.075000
0 0.425781 0.373958 0.092188 0.081250
0 0.651563 0.514583 0.096875 0.129167
0 0.114062 0.422917 0.153125 0.087500
