0 0.610156 0.289583 0.054688 0.108333
0 0.446875 0.475000 0.084375 0.112500
0 0.895312 0.762500 0.087500 0.158333
0 0.098437 0.645833 0.062500 0.091667
0 0.846875 0.368750 0.068750 0.075000
0 0.531250 0.866667 0.150000 0.162500
0 0.529687 0.279167 0.115625 0.154167
0 0.544531 0.184375 0.082812 0.102083
0 0.159375 0.714583 0.125000 0.166667
0 0.514062 0.600000 0.109375 0.066667
0 0.301563 0.385417 0.065625 0.087500
0 0.357812 0.493750 0.078125 0.087500
0 0.412500 0.382292 0.081250 0.072917
0 0.159375 0.720833 0.128125 0.079167
