0 0.496875 0.241667 0.090625 0.100000
0 0.162500 0.443750 0.106250 0.070833
0 0.810937 0.754167 0.046875 0.075000
0 0.096875 0.700000 0.128125 0.170833
0 0.245312 0.350000 0.084375 0.150000
0 0.940625 0.523958 0.078125 0.064583
0 0.582812 0.820833 0.137500 0.183333
0 0.164844 0.351042 0.054688 0.097917
0 0.165625 0.838542 0.090625 0.097917
0 0.362500 0.618750 0.087500 0.116667
0 0.906250 0.147917 0.071875 0.079167
0 0.671094 0.505208 0.076563 0.118750
0 0.131250 0.227083 0.084375 0.112500
0 0.754687 0.254167 0.109375 0.087500
