0 0.326562 0.416667 0.153125 0.204167
0 0.290625 0.606250 0.065625 0.112500
0 0.168750 0.891667 0.068750 0.091667
0 0.437500 0.272917 0.096875 0.129167
0 0.895312 0.345833 0.087500 0.116667
0 0.645312 0.454167 0.078125 0.045833
0 0.785937 0.506250 0.065625 0.129167
0 0.185938 0.156250 0.090625 0.104167
0 0.521875 0.408333 0.071875 0.120833
0 0.709375 0.868750 0.062500 0.083333
0 0.160156 0.215625 0.048438 0.064583
0 0.817187 0.452083 0.065625 0.162500
0 0.698438 0.783333 0.078125 0.104167
0 0.267188 0.814583 0.137500 0.183333
0 0.470313 0.406250 0.093750 0.045833
