0 0.528906 0.469792 0.054688 0.102083
0 0.268750 0.452083 0.093750 0.141667
0 0.242188 0.514583 0.075000 0.100000
0 0.507812 0.635417 0.103125 0.075000
0 0.596094 0.522917 0.089063 0.070833
0 0.759375 0.561458 0.093750 0.089583
0 0.887500 0.913542 0.046875 0.064583
0 0.218750 0.158333 0.096875 0.129167
0 0.746875 0.677083 0.059375 0.079167
0 0.492188 0.892708 0.090625 0.093750
0 0.901563 0.477083 0.118750 0.154167
0 0.429688 0.593750 0.084375 0.112500
0 0.267188 0.672917 0.143750 0.191667
0 0.264062 0.727083 0.090625 0.120833
0 0.389062 0.658333 0.118750 0.058333
