0 0.385937 0.768750 0.090625 0.066667
0 0.078125 0.610417 0.090625 0.120833
0 0.260937 0.225000 0.065625 0.129167
0 0.146875 0.270833 0.128125 0.170833
0 0.185938 0.853125 0.093750 0.102083
0 0.225000 0.172917 0.121875 0.100000
0 0.309375 0.181250 0.103125 0.054167
0 0.351562 0.821875 0.050000 0.106250
0 0.629687 0.735417 0.100000 0.162500
0 0.495312 0.342708 0.081250 0.085417
0 0.282031 0.657292 0.060937 0.068750
0 0.892188 0.622917 0.118750 0.158333
0 0.806250 0.917708 0.084375 0.064583
0 0.496094 0.392708 0.054688 0.097917
0 0.431250 0.641667 0.065625 0.125000
