0 0.665625 0.854167 0.087500 0.116667
0 0.292187 0.595833 0.071875 0.095833
0 0.246875 0.598958 0.053125 0.118750
0 0.500000 0.518750 0.078125 0.104167
0 0.476562 0.383333 0.093750 0.125000
0 0.501563 0.750000 0.084375 0.100000
0 0.373437 0.135417 0.143750 0.191667
0 0.198437 0.493750 0.112500 0.150000
0 0.645312 0.756250 0.146875 0.125000
0 0.631250 0.788542 0.071875 0.068750
0 0.662500 0.881250 0.096875 0.125000
0 0.203125 0.529167 0.087500 0.116667
0 0.532813 0.325000 0.153125 0.104167
0 0.728125 0.862500 0.143750 0.166667
0 0.821875 0.606250 0.112500 0.150000
0 0.621875 0.189583 0.046875 0.070833
