0 0.1440625 0.64275 0.06672916666666667 0.01953125
0 0.19897916666666668 0.564921875 0.052895833333333364 0.015265624999999972
0 0.22177083333333333 0.51028125 0.04802083333333336 0.017093750000000085
0 0.24456249999999996 0.46420312499999994 0.04477083333333332 0.01281250000000007
0 0.42606249999999996 0.46420312499999994 0.03825000000000003 0.015265624999999972
0 0.4227916666666667 0.51090625 0.05127083333333336 0.01342187500000005
0 0.41304166666666664 0.567671875 0.0528958333333333 0.017093750000000085
0 0.3922708333333333 0.645796875 0.05860416666666666 0.021968749999999915
0 0.6470208333333333 0.6448750000000001 0.05697916666666671 0.023812500000000014
0 0.6421250000000001 0.571328125 0.052083333333333336 0.018312500000000044
0 0.6348125 0.5121249999999999 0.04720833333333327 0.01953125
0 0.6327708333333334 0.46451562500000004 0.04149999999999991 0.01587499999999995
0 0.8195625 0.45962500000000006 0.042312499999999885 0.014656249999999992
0 0.8439791666666667 0.51090625 0.05045833333333339 0.01587499999999995
0 0.8826250000000001 0.5695 0.05452083333333325 0.01587499999999995
0 0.9225 0.64365625 0.06429166666666669 0.02503124999999997