0 0.16897916666666665 0.5243125 0.11575 0.0625
0 0.22568749999999999 0.287328125 0.09954166666666667 0.046875
0 0.24883333333333332 0.1328125 0.0810208333333333 0.0399375
0 0.2604166666666667 0.01128125 0.07639583333333337 0.0225625
0 0.6296250000000001 0.5234375 0.11110416666666675 0.06423437500000002
0 0.6192083333333334 0.3038125 0.08564583333333337 0.0555625
0 0.6018541666666667 0.138890625 0.07870833333333328 0.0381875
0 0.5989583333333334 0.0125 0.07291666666666667 0.025
0 0.9050833333333334 0.008687499999999997 0.07408333333333346 0.017359375
0 0.9490833333333334 0.14150000000000001 0.08333333333333333 0.04340625
0 0.9872708333333333 0.29948437499999997 0.025458333333333392 0.046875