0 0.06366666666666668 0.20051562500000003 0.07175 0.032984375000000024
0 0.12383333333333332 0.09028125000000001 0.07175 0.024312500000000004
0 0.15045833333333333 0.0078125 0.06481250000000001 0.015625
0 0.38889583333333333 0.013890625 0.06018749999999997 0.020828124999999996
0 0.37616666666666665 0.096359375 0.0625 0.01909375
0 0.35185416666666663 0.2109375 0.06943749999999997 0.032984375000000024
0 0.6435208333333333 0.21440625 0.06481250000000002 0.032984375000000024
0 0.6423541666666667 0.10590625000000001 0.05787499999999994 0.024312500000000004
0 0.6365833333333334 0.01996875 0.06018749999999997 0.022562500000000003
0 0.875 0.0225625 0.050916666666666784 0.024312499999999997
0 0.9155 0.1085 0.06712500000000006 0.026046875000000014
0 0.9560208333333333 0.220484375 0.06943750000000008 0.03125