0 0.14883333333333332 0.46559375000000003 0.07027083333333331 0.01732812500000005
0 0.2056875 0.4063125 0.05454166666666668 0.016640624999999964
0 0.22927083333333334 0.364703125 0.04808333333333336 0.009703124999999969
0 0.2533125 0.331078125 0.042520833333333355 0.010406250000000039
0 0.41833333333333333 0.46628125000000004 0.06379166666666668 0.020109375000000006
0 0.43727083333333333 0.40700000000000003 0.051770833333333384 0.015249999999999986
0 0.4423541666666667 0.36575 0.04899999999999996 0.011781250000000031
0 0.4432916666666667 0.330390625 0.04345833333333336 0.011781250000000031
0 0.6966041666666667 0.4659375 0.06564583333333332 0.016640624999999964
0 0.6827291666666666 0.408734375 0.054541666666666565 0.014562500000000079
0 0.6679375000000001 0.3664375 0.047145833333333324 0.011781250000000031
0 0.6623958333333333 0.331078125 0.04529166666666669 0.009015624999999972
0 0.9793333333333333 0.46281249999999996 0.041312500000000085 0.02287499999999998
0 0.9392708333333334 0.4063125 0.05731249999999998 0.012484375000000015
0 0.8893541666666667 0.364359375 0.04622916666666678 0.01317187500000001
0 0.8579166666666667 0.325875 0.04437499999999991 0.012484375000000015