0 0.16318749999999999 0.5217031249999999 0.04860416666666669 0.01909375000000004
0 0.12616666666666668 0.588546875 0.067125 0.02778124999999996
0 0.0868125 0.67275 0.07175 0.026046874999999935
0 0.0289375 0.80034375 0.057875 0.03818750000000008
0 0.38658333333333333 0.5138906249999999 0.06018749999999997 0.01735937500000002
0 0.379625 0.5859375 0.07408333333333333 0.02951562499999998
0 0.36341666666666667 0.67275 0.07870833333333328 0.032984375000000024
0 0.32985416666666667 0.8046875 0.08564583333333337 0.03993749999999992
0 0.6331041666666667 0.513015625 0.05324999999999989 0.026046874999999935
0 0.6388958333333333 0.5842031249999999 0.06018749999999997 0.026046874999999935
0 0.6504583333333334 0.677078125 0.07870833333333328 0.03125
0 0.6678333333333334 0.7986093750000001 0.08564583333333337 0.03818750000000008
0 0.9895833333333334 0.7907968750000001 0.020833333333333332 0.036453124999999975
0 0.9548541666666667 0.671 0.07639583333333325 0.02951562499999998
0 0.8946666666666666 0.58159375 0.06712500000000006 0.02778124999999996
0 0.8564791666666667 0.5060781249999999 0.05556249999999992 0.022562500000000086