0 0.089125 0.153640625 0.0625 0.029515625000000024
0 0.053250000000000006 0.25346875 0.07870833333333334 0.03471874999999995
0 0.026625 0.374125 0.05325 0.04340624999999996
0 0.3379583333333333 0.158859375 0.055562500000000035 0.032984374999999976
0 0.32985416666666667 0.263890625 0.06712499999999993 0.03125
0 0.31133333333333335 0.390625 0.0810208333333333 0.045140624999999976
0 0.2708333333333333 0.5720468750000001 0.0972291666666667 0.05381250000000008
0 0.6203749999999999 0.165796875 0.06018749999999997 0.02604687499999998
0 0.6192083333333334 0.271703125 0.07175000000000012 0.04340624999999996
0 0.6307916666666666 0.403640625 0.0810208333333333 0.046875
0 0.63425 0.5798593750000001 0.09722916666666657 0.05903124999999996
0 0.8715208333333333 0.162328125 0.05787499999999994 0.029515625000000024
0 0.90625 0.27690625 0.07639583333333325 0.036453124999999975
0 0.9571666666666666 0.407984375 0.06712500000000006 0.03818750000000004
0 0.9872708333333333 0.5798593750000001 0.025458333333333392 0.0625