0 0.048604166666666664 0.7013906249999999 0.07408333333333333 0.03818750000000008
0 0.10995833333333334 0.6006875 0.08102083333333332 0.02778124999999996
0 0.13658333333333333 0.53125 0.060187499999999984 0.020828125000000065
0 0.16435416666666666 0.474828125 0.05091666666666666 0.026046874999999935
0 0.3645833333333333 0.470484375 0.0625 0.020828125000000065
0 0.3599583333333333 0.528640625 0.053250000000000006 0.01909375000000004
0 0.353 0.598953125 0.07175 0.03125
0 0.33216666666666667 0.700515625 0.0810208333333333 0.04340624999999996
0 0.5902708333333333 0.467875 0.06481250000000002 0.026046874999999935
0 0.5972291666666667 0.526046875 0.07408333333333346 0.02778124999999996
0 0.6122708333333333 0.598953125 0.06712500000000006 0.03471875000000004
0 0.6238333333333334 0.692703125 0.09954166666666661 0.03471875000000004
0 0.7951458333333333 0.454859375 0.06712500000000006 0.024312499999999914
0 0.8240833333333334 0.51909375 0.06943750000000008 0.02778124999999996
0 0.8796250000000001 0.59028125 0.07408333333333322 0.041671874999999935
0 0.9375 0.68315625 0.07870833333333328 0.036453125000000065