0 0.21875 0.436625 0.053250000000000006 0.026046874999999935
0 0.19443749999999999 0.48784375 0.05556249999999997 0.02778124999999996
0 0.16783333333333333 0.546875 0.067125 0.03125
0 0.10879166666666666 0.63715625 0.07870833333333334 0.03818750000000008
0 0.401625 0.638015625 0.07175 0.032984375000000024
0 0.4224583333333333 0.546 0.07175 0.036453125000000065
0 0.4247708333333333 0.486109375 0.0625 0.02778124999999996
0 0.42360416666666667 0.435765625 0.05091666666666666 0.02778124999999996
0 0.7060208333333333 0.635421875 0.07870833333333328 0.03471875000000004
0 0.6863333333333334 0.5529531249999999 0.05324999999999989 0.04340624999999996
0 0.6655 0.48525 0.05787499999999994 0.02951562499999998
0 0.6585625 0.4305625 0.048604166666666754 0.02778124999999996
0 0.86575 0.424484375 0.046291666666666724 0.02951562499999998
0 0.9050833333333334 0.48003125 0.05556249999999992 0.02951562499999998
0 0.9595 0.546 0.05787499999999994 0.032984375000000024