0 0.10533333333333333 0.33332812500000003 0.07175 0.03125
0 0.0694375 0.4288125 0.07408333333333333 0.03125
0 0.0335625 0.55121875 0.067125 0.03993749999999992
0 0.34722916666666664 0.33073437499999997 0.06481250000000002 0.02951562499999998
0 0.3379583333333333 0.43315625 0.07408333333333333 0.032984375000000024
0 0.32408333333333333 0.5564218750000001 0.08333333333333333 0.03993749999999992
0 0.28356250000000005 0.739578125 0.09491666666666668 0.052078125000000065
0 0.6226875 0.33332812500000003 0.06481250000000002 0.03125
0 0.6284791666666667 0.436625 0.07639583333333325 0.032984375000000024
0 0.6400416666666667 0.5685781249999999 0.07639583333333325 0.05034375000000004
0 0.6516249999999999 0.73871875 0.09954166666666661 0.046875
0 0.8668958333333333 0.322046875 0.0625 0.026046875000000025
0 0.9074166666666666 0.43315625 0.06943750000000008 0.032984375000000024
0 0.9641249999999999 0.563375 0.07175000000000012 0.04340624999999996