0 0.12616666666666668 0.36198437499999997 0.07175 0.032984375000000024
0 0.18056250000000001 0.25520312500000003 0.06018750000000003 0.027781250000000045
0 0.20833333333333334 0.181421875 0.05091666666666666 0.01909375
0 0.23379166666666668 0.119796875 0.05091666666666666 0.024312500000000004
0 0.44097916666666664 0.115453125 0.048604166666666636 0.01909375
0 0.43981250000000005 0.182296875 0.06018749999999997 0.024312500000000004
0 0.42825 0.2586875 0.06018749999999997 0.02778124999999996
0 0.40277083333333336 0.3663125 0.08333333333333333 0.03471875000000004
0 0.6979166666666666 0.365453125 0.06712500000000006 0.02951562499999998
0 0.6886666666666666 0.263890625 0.06712500000000006 0.02778124999999996
0 0.6793958333333333 0.18403125 0.05787499999999994 0.024312500000000004
0 0.6770833333333334 0.118921875 0.05324999999999989 0.01909375
0 0.8877291666666667 0.111984375 0.048604166666666754 0.022562499999999996
0 0.9166666666666666 0.18056250000000001 0.06481250000000002 0.02082812500000002
0 0.9571666666666666 0.259546875 0.06712500000000006 0.02951562499999998
0 0.9861041666666667 0.365453125 0.027770833333333418 0.0399375