0 0.05091666666666666 0.08159374999999999 0.07408333333333333 0.03471875
0 0.03125 0.181421875 0.0625 0.029515625000000024
0 0.2557916666666667 0.48784375 0.0995416666666667 0.05903124999999996
0 0.29283333333333333 0.30729687499999997 0.0810208333333333 0.045140624999999976
0 0.2997708333333333 0.18662499999999999 0.07639583333333337 0.0399375
0 0.30556249999999996 0.08159374999999999 0.06943749999999997 0.03471875
0 0.5995416666666666 0.08159374999999999 0.06481250000000002 0.03471875
0 0.6041666666666666 0.1875 0.07408333333333322 0.03471875000000002
0 0.6203749999999999 0.31770312500000003 0.07870833333333328 0.045140624999999976
0 0.63425 0.486984375 0.09722916666666657 0.057296874999999935
0 0.959375 0.3125 0.08125 0.05
0 0.8958333333333334 0.1875 0.07408333333333322 0.041671875000000025
0 0.8564791666666667 0.07465625000000001 0.05556249999999992 0.03471875