0 0.26966666666666667 0.030375000000000003 0.08564583333333337 0.036453124999999996
0 0.26158333333333333 0.158859375 0.08795833333333336 0.04340625
0 0.23495833333333332 0.31684375 0.08564583333333337 0.05034374999999995
0 0.18633333333333332 0.5486093750000001 0.11341666666666667 0.06596875000000005
0 0.6365833333333334 0.55121875 0.09258333333333321 0.05381250000000008
0 0.6215208333333333 0.329859375 0.0810208333333333 0.052078124999999975
0 0.6134166666666666 0.1640625 0.08333333333333333 0.0399375
0 0.6064791666666667 0.032984374999999996 0.06018749999999997 0.03125
0 0.9004583333333334 0.024312500000000004 0.07408333333333322 0.03125
0 0.9479166666666666 0.16493750000000001 0.09027083333333343 0.041671875000000025
0 0.9872708333333333 0.32551562500000003 0.025458333333333392 0.060765624999999976