0 0.03958333333333333 0.01328125 0.07916666666666666 0.0265625
0 0.024312500000000004 0.098953125 0.048604166666666664 0.03125
0 0.2604166666666667 0.243921875 0.09491666666666668 0.04340624999999996
0 0.2997708333333333 0.10590625000000001 0.08564583333333337 0.04167187500000001
0 0.30625 0.0140625 0.07916666666666666 0.028125
0 0.6076458333333333 0.24306250000000001 0.08564583333333337 0.041671875000000025
0 0.6018541666666667 0.11371875000000001 0.06943750000000008 0.046875
0 0.5845 0.017359375 0.0625 0.03471875
0 0.959375 0.23984375 0.08125 0.0546875
0 0.9166666666666666 0.11284374999999999 0.09258333333333345 0.04514062499999999
0 0.8599583333333333 0.01909375 0.07175000000000012 0.0381875