0 0.024312500000000004 0.126734375 0.048604166666666664 0.03125
0 0.28935416666666663 0.12934375 0.08333333333333333 0.036453124999999975
0 0.6018541666666667 0.134546875 0.07408333333333322 0.03645312500000002
0 0.88425 0.126734375 0.07408333333333346 0.03471875
0 0.27777083333333336 0.26215625 0.07870833333333337 0.0381875
0 0.6053333333333334 0.26909375 0.07639583333333325 0.041671875000000025
0 0.9224583333333333 0.26996875 0.0810208333333333 0.0399375
0 0.9733750000000001 0.4375 0.05324999999999989 0.048609375000000024
0 0.254625 0.423609375 0.0879583333333333 0.048609375000000024
0 0.6180625000000001 0.4375 0.08333333333333333 0.048609375000000024
0 0.20716666666666667 0.65971875 0.09954166666666667 0.0625
0 0.625 0.6623281249999999 0.09722916666666657 0.06770312500000006