0 0.015041666666666667 0.263890625 0.030083333333333333 0.041671875000000025
0 0.04629166666666666 0.118921875 0.07408333333333333 0.029515625000000024
0 0.07754166666666666 0.014749999999999996 0.067125 0.026046875000000004
0 0.3333333333333333 0.022562499999999996 0.06943749999999997 0.03125
0 0.32639583333333333 0.12846875 0.08795833333333328 0.03125
0 0.2962916666666667 0.2743125 0.07870833333333337 0.0381875
0 0.6145833333333334 0.27604687499999997 0.07639583333333325 0.041671875000000025
0 0.6099583333333333 0.13974999999999999 0.06712500000000006 0.036453124999999975
0 0.6053333333333334 0.025171875 0.05787499999999994 0.032984374999999996
0 0.86575 0.030375000000000003 0.06018749999999997 0.029515625
0 0.9085625 0.13974999999999999 0.0625 0.032984375000000024
0 0.9548541666666667 0.282125 0.0810208333333333 0.04340624999999996