0 0.0960625 0.4609375 0.07175 0.02951562499999998
0 0.1539375 0.3506875 0.0625 0.03125
0 0.17825 0.26909375 0.06018749999999997 0.020828124999999975
0 0.20370833333333332 0.203125 0.05091666666666666 0.024312500000000004
0 0.36575 0.467015625 0.06943749999999997 0.03471875000000004
0 0.38889583333333333 0.3524375 0.055562500000000035 0.03125
0 0.4004583333333333 0.2734375 0.055562500000000035 0.02951562499999998
0 0.39931249999999996 0.20573437499999997 0.053250000000000006 0.022562499999999996
0 0.647 0.46875 0.08564583333333337 0.03471875000000004
0 0.6423541666666667 0.36284375 0.05787499999999994 0.03125
0 0.6319374999999999 0.27604687499999997 0.050916666666666784 0.024312500000000004
0 0.6284791666666667 0.20573437499999997 0.048604166666666754 0.026046875000000025
0 0.8333333333333334 0.20051562500000003 0.050916666666666784 0.022562499999999996
0 0.8599583333333333 0.27778125 0.05324999999999989 0.027781250000000045
0 0.9039375 0.361109375 0.0625 0.03125
0 0.9444374999999999 0.46875 0.06943750000000008 0.03818750000000008