0 0.0648125 0.35290625000000003 0.06949999999999999 0.023953124999999974
0 0.12210416666666667 0.24865624999999997 0.06762500000000002 0.02254687500000001
0 0.15027083333333333 0.17645312500000002 0.05635416666666668 0.02042187499999999
0 0.1709375 0.11340625 0.043208333333333356 0.01690624999999999
0 0.34610416666666666 0.3581875 0.07231249999999996 0.02606250000000001
0 0.36816666666666664 0.252890625 0.06197916666666667 0.02112499999999997
0 0.37897916666666664 0.177515625 0.05166666666666669 0.01690624999999999
0 0.3785 0.11481250000000001 0.043208333333333356 0.0183125
0 0.6386666666666667 0.35678125 0.06574999999999989 0.03170312500000003
0 0.6311458333333333 0.25710937500000003 0.05822916666666676 0.026765624999999994
0 0.6208125 0.1785625 0.05635416666666657 0.02042187499999999
0 0.616125 0.11340625 0.046958333333333255 0.019718750000000007
0 0.8279166666666666 0.107421875 0.04789583333333335 0.02042187499999999
0 0.855625 0.17681249999999998 0.05822916666666676 0.02395312500000002
0 0.9011666666666667 0.25393750000000004 0.06481250000000002 0.02606250000000001
0 0.9471875 0.354671875 0.06856249999999993 0.03170312500000003