0 0.1224375 0.261390625 0.06304166666666668 0.020906249999999994
0 0.07939583333333333 0.352765625 0.06910416666666667 0.020000000000000018
0 0.036375000000000005 0.466421875 0.07272916666666666 0.03273437500000007
0 0.3673125 0.263203125 0.06060416666666661 0.020906249999999994
0 0.35822916666666665 0.35957812499999997 0.0691041666666667 0.02273437500000002
0 0.3400416666666667 0.475046875 0.07393750000000002 0.031828125000000006
0 0.29760416666666667 0.6514375 0.0860625 0.04273437500000003
0 0.6825 0.652796875 0.08729166666666661 0.04545312500000005
0 0.6691666666666667 0.48687500000000006 0.0727291666666666 0.03364062499999996
0 0.6558333333333334 0.361859375 0.06545833333333324 0.030906250000000045
0 0.650375 0.264125 0.05212499999999996 0.024546874999999968
0 0.9067708333333333 0.259125 0.0581874999999999 0.020000000000000018
0 0.94375 0.3623125 0.06910416666666658 0.02999999999999998
0 0.9864583333333333 0.4828125 0.027083333333333334 0.034375