0 0.03472916666666667 0.27864062500000003 0.0694375 0.04340625000000005
0 0.08795833333333333 0.162328125 0.0648125 0.03645312500000002
0 0.11458333333333333 0.072921875 0.057875 0.03471875
0 0.13658333333333333 0.0078125 0.06481250000000001 0.015625
0 0.348375 0.010421875 0.0625 0.020828125000000003
0 0.34375 0.083328125 0.0625 0.02778125
0 0.3345 0.165796875 0.07175 0.032984374999999976
0 0.31133333333333335 0.28385937499999997 0.06712500000000006 0.0538125
0 0.5995416666666666 0.2881875 0.07870833333333328 0.048609375000000024
0 0.5949166666666666 0.17621875 0.06018749999999997 0.036453124999999975
0 0.5868125000000001 0.0868125 0.06712500000000006 0.0381875
0 0.58125 0.0140625 0.05416666666666667 0.028125
0 0.8981458333333333 0.290796875 0.07408333333333322 0.046875
0 0.8599583333333333 0.177078125 0.06712500000000006 0.03471875
0 0.8206041666666667 0.088546875 0.05787499999999994 0.02778125
0 0.7997708333333333 0.01128125 0.0625 0.0225625