0 0.041666666666666664 0.5086875 0.07870833333333334 0.03125
0 0.09375 0.44184375 0.08102083333333332 0.02951562499999998
0 0.13541666666666666 0.39323437499999997 0.0625 0.026046875000000025
0 0.28818750000000004 0.614578125 0.10416666666666667 0.03471875000000004
0 0.3287083333333333 0.5095468750000001 0.06943749999999997 0.026046874999999935
0 0.3541666666666667 0.443578125 0.06018749999999997 0.02951562499999998
0 0.37152083333333336 0.388890625 0.06712499999999993 0.03125
0 0.6643541666666667 0.611984375 0.1064791666666667 0.05034375000000004
0 0.6516249999999999 0.513015625 0.0810208333333333 0.04340624999999996
0 0.6412083333333333 0.443578125 0.07408333333333322 0.02951562499999998
0 0.6354166666666666 0.39323437499999997 0.05787499999999994 0.026046875000000025
0 0.8738333333333334 0.38628125 0.05324999999999989 0.022562499999999996
0 0.9166666666666666 0.443578125 0.09258333333333345 0.02951562499999998
0 0.9641249999999999 0.51128125 0.07175000000000012 0.036453125000000065