0 0.035875 0.421875 0.07175 0.03125
0 0.08564583333333334 0.3046875 0.07408333333333333 0.026046875000000025
0 0.12847916666666667 0.21875 0.07175 0.02778124999999996
0 0.37847916666666664 0.21787499999999999 0.053250000000000006 0.026046875000000025
0 0.370375 0.30989062500000003 0.07408333333333333 0.026046875000000025
0 0.35068750000000004 0.423609375 0.08564583333333337 0.02778124999999996
0 0.30556249999999996 0.5954843750000001 0.0972291666666667 0.052078125000000065
0 0.6944374999999999 0.596359375 0.1064791666666667 0.05034375000000004
0 0.6840208333333333 0.4305625 0.0810208333333333 0.03818750000000008
0 0.6678333333333334 0.313375 0.07174999999999988 0.02951562499999998
0 0.6655 0.21787499999999999 0.048604166666666754 0.022562499999999996
0 0.9259166666666666 0.2109375 0.06018749999999997 0.022562499999999996
0 0.9664375 0.311625 0.06712500000000006 0.02951562499999998