0 0.0648125 0.103296875 0.08795833333333333 0.02951562500000001
0 0.029166666666666667 0.21484375 0.058333333333333334 0.0359375
0 0.35185416666666663 0.107640625 0.07870833333333328 0.02778125
0 0.34143749999999995 0.22743750000000001 0.08564583333333337 0.0381875
0 0.31481250000000005 0.37934375 0.0972291666666667 0.04340625000000005
0 0.2569375 0.609375 0.120375 0.0625
0 0.7164375 0.61371875 0.11341666666666678 0.057296874999999935
0 0.7037083333333333 0.39496875 0.09722916666666657 0.05034374999999995
0 0.6875 0.23349999999999999 0.08333333333333333 0.036453124999999975
0 0.6817083333333334 0.111109375 0.0810208333333333 0.02778125
0 0.9697916666666667 0.10546875 0.06041666666666667 0.0390625
0 0.9927083333333333 0.23828125 0.014583333333333334 0.0328125