0 0.057875 0.1024375 0.09258333333333332 0.03125
0 0.03125 0.21875 0.0625 0.041671875000000025
0 0.2754583333333333 0.61025 0.11575 0.06770312500000006
0 0.31943750000000004 0.37760937499999997 0.0972291666666667 0.0538125
0 0.33564583333333337 0.2265625 0.08333333333333333 0.04340624999999996
0 0.339125 0.107640625 0.07639583333333337 0.0381875
0 0.6747708333333333 0.109375 0.06712500000000006 0.03471875
0 0.9571666666666666 0.1006875 0.08564583333333337 0.0381875
0 0.9918958333333333 0.23525000000000001 0.016208333333333276 0.046875
0 0.6817083333333334 0.232640625 0.09491666666666655 0.045140624999999976
0 0.7106458333333333 0.3915 0.09722916666666657 0.05034375000000004
0 0.7395833333333334 0.61284375 0.10879166666666672 0.06596875000000005