0 0.10647916666666667 0.26215625 0.07870833333333334 0.027781250000000045
0 0.07291666666666667 0.3524375 0.09027083333333333 0.03125
0 0.03472916666666667 0.46875 0.0694375 0.03818750000000008
0 0.30556249999999996 0.6484375 0.0972291666666667 0.05381250000000008
0 0.33681249999999996 0.47221875 0.0810208333333333 0.03818750000000008
0 0.35068750000000004 0.35676562500000003 0.07639583333333337 0.036453124999999975
0 0.3541666666666667 0.259546875 0.06481250000000002 0.032984375000000024
0 0.6377291666666667 0.26215625 0.0625 0.03125
0 0.8923541666666667 0.25520312500000003 0.0625 0.027781250000000045
0 0.6504583333333334 0.359375 0.07408333333333322 0.03125
0 0.6712916666666667 0.482640625 0.07870833333333328 0.03818750000000008
0 0.6875 0.6475625 0.09258333333333345 0.05903124999999996
0 0.9802083333333333 0.478125 0.03958333333333333 0.04375
0 0.9363333333333334 0.35417187499999997 0.07174999999999988 0.027781250000000045