0 0.0555625 0.19878125 0.07408333333333333 0.02951562499999998
0 0.11227083333333333 0.0859375 0.067125 0.022562499999999996
0 0.13079166666666667 0.008687499999999997 0.0625 0.017359375
0 0.37616666666666665 0.01215625 0.0625 0.0243125
0 0.36806249999999996 0.092875 0.07408333333333333 0.02951562499999999
0 0.34491666666666665 0.20746875 0.07408333333333333 0.0399375
0 0.6412083333333333 0.21181250000000001 0.07408333333333322 0.041671875000000025
0 0.9513958333333333 0.2109375 0.06943750000000008 0.0399375
0 0.6296250000000001 0.104171875 0.05556249999999992 0.0381875
0 0.6180625000000001 0.017359375 0.050916666666666784 0.03471875
0 0.8611041666666667 0.017359375 0.050916666666666784 0.02778125
0 0.9039375 0.103296875 0.0625 0.03298437499999999