0 0.18633333333333332 0.1953125 0.067125 0.02951562499999998
0 0.160875 0.26042187499999997 0.053250000000000006 0.027781250000000045
0 0.14235416666666667 0.34114062500000003 0.067125 0.026046875000000025
0 0.09027083333333333 0.454 0.07408333333333333 0.036453125000000065
0 0.3622708333333333 0.459203125 0.06712500000000006 0.036453125000000065
0 0.3807916666666667 0.34635937499999997 0.06712499999999993 0.032984375000000024
0 0.3854166666666667 0.2665 0.0625 0.022562499999999996
0 0.38193750000000004 0.1953125 0.046291666666666606 0.026046875000000025
0 0.6446666666666666 0.454 0.05787499999999994 0.02951562499999998
0 0.6307916666666666 0.3515625 0.05324999999999989 0.032984375000000024
0 0.6168958333333333 0.2665 0.05324999999999989 0.026046875000000025
0 0.6111041666666667 0.1953125 0.041666666666666664 0.026046875000000025
0 0.9386666666666666 0.45659375 0.07174999999999988 0.041671874999999935
0 0.8935208333333333 0.34895312500000003 0.06481250000000002 0.024312500000000004
0 0.8449166666666666 0.265625 0.050916666666666784 0.024312500000000004
0 0.8206041666666667 0.19010937500000002 0.043979166666666694 0.02256250000000002