0 0.13345833333333335 0.644953125 0.06422916666666664 0.02257812500000007
0 0.185125 0.5655625 0.05116666666666667 0.017312500000000064
0 0.20670833333333333 0.511 0.04816666666666668 0.016562500000000036
0 0.22577083333333334 0.46509375000000003 0.03812500000000003 0.013546874999999936
0 0.3843125 0.64609375 0.052187500000000026 0.021828125000000042
0 0.403375 0.5655625 0.052187500000000026 0.018812499999999944
0 0.4078958333333333 0.510625 0.04314583333333329 0.014296874999999964
0 0.40639583333333335 0.462453125 0.04214583333333337 0.012796875000000086
0 0.6416875 0.643078125 0.05518750000000002 0.0203125
0 0.6336666666666667 0.568953125 0.04916666666666671 0.018062499999999915
0 0.6211249999999999 0.51025 0.04816666666666668 0.013546874999999936
0 0.6161041666666667 0.46095312499999996 0.04214583333333337 0.011281250000000043
0 0.7997291666666667 0.45568749999999997 0.0381249999999999 0.014296874999999964
0 0.8263333333333333 0.5061093750000001 0.04314583333333341 0.0203125
0 0.8674583333333333 0.563296875 0.051166666666666555 0.018812499999999944
0 0.912125 0.6374375 0.06020833333333329 0.02257812500000007