0 0.1461875 0.47456250000000005 0.04929166666666666 0.018484375000000063
0 0.122375 0.53065625 0.05779166666666666 0.017203124999999986
0 0.09902083333333334 0.600453125 0.06204166666666667 0.025500000000000078
0 0.03958333333333333 0.7015625 0.07916666666666666 0.028125
0 0.32975 0.700203125 0.06799999999999998 0.028687500000000022
0 0.34462499999999996 0.596625 0.06375000000000004 0.021671875000000007
0 0.3497291666666667 0.52809375 0.05693749999999997 0.019765624999999964
0 0.3484583333333333 0.46882812500000004 0.05100000000000004 0.018484375000000063
0 0.5770833333333333 0.46340624999999996 0.05100000000000004 0.017843749999999936
0 0.5877083333333334 0.5233125000000001 0.05524999999999996 0.019125000000000014
0 0.6042708333333333 0.594078125 0.057791666666666686 0.022953125000000085
0 0.6229791666666666 0.68809375 0.06799999999999998 0.02614062500000003
0 0.9276458333333333 0.68171875 0.0705416666666667 0.029953124999999935
0 0.8664583333333333 0.584828125 0.058645833333333286 0.02485937499999995
0 0.8129166666666666 0.51471875 0.056937500000000085 0.01593750000000007
0 0.7772291666666666 0.45289062500000005 0.05014583333333344 0.01593750000000007