0 0.12383333333333332 0.3915 0.07175 0.02604687499999998
0 0.08564583333333334 0.44184375 0.08333333333333333 0.022562500000000086
0 0.041666666666666664 0.5069375 0.08333333333333333 0.020828125000000065
0 0.2916666666666667 0.611984375 0.0972291666666667 0.032984375000000024
0 0.3275416666666667 0.510421875 0.0902708333333333 0.020828125000000065
0 0.35185416666666663 0.44184375 0.06481250000000002 0.01909375000000004
0 0.35533333333333333 0.390625 0.0625 0.01735937500000002
0 0.625 0.388890625 0.05556249999999992 0.020828124999999975
0 0.6319374999999999 0.44184375 0.06943750000000008 0.022562500000000086
0 0.6504583333333334 0.510421875 0.06943750000000008 0.024312499999999914
0 0.6724583333333333 0.609375 0.09491666666666655 0.03125
0 0.8599583333333333 0.3819375 0.05324999999999989 0.020828124999999975
0 0.9050833333333334 0.438375 0.06481250000000002 0.022562500000000086
0 0.9675833333333334 0.5060781249999999 0.06481250000000002 0.02951562499999998