0 0.008833333333333334 0.264203125 0.01764583333333334 0.03359375
0 0.037333333333333336 0.117078125 0.07466666666666667 0.03054687500000002
0 0.06381250000000001 0.01221875 0.06787499999999999 0.0244375
0 0.2918541666666667 0.274390625 0.07331249999999999 0.03970312500000004
0 0.3128958333333333 0.125734375 0.0638125 0.027484375000000005
0 0.31968749999999996 0.020359375 0.05837499999999996 0.026468750000000003
0 0.6149375 0.27335937499999996 0.07331249999999988 0.03767187500000002
0 0.6040833333333333 0.135921875 0.06787500000000009 0.03359375
0 0.5898333333333333 0.023921875000000002 0.06108333333333344 0.027484375
0 0.8511458333333334 0.0244375 0.07058333333333332 0.0244375
0 0.9000208333333333 0.133375 0.07331250000000011 0.028500000000000015
0 0.9495625000000001 0.27896875 0.07466666666666673 0.038687499999999986