0 0.11458333333333333 0.36025 0.08564583333333335 0.036453124999999975
0 0.16783333333333333 0.25520312500000003 0.0625 0.03471874999999995
0 0.19329166666666667 0.17881249999999999 0.07175 0.024312500000000004
0 0.21758333333333332 0.1180625 0.06481250000000002 0.02778125
0 0.401625 0.36198437499999997 0.08564583333333337 0.0399375
0 0.4189791666666667 0.256078125 0.08333333333333333 0.032984375000000024
0 0.4224583333333333 0.18056250000000001 0.0625 0.03471875
0 0.4212916666666667 0.114578125 0.06018749999999997 0.024312500000000004
0 0.6886666666666666 0.361109375 0.07639583333333325 0.045140624999999976
0 0.67825 0.26042187499999997 0.06481250000000002 0.041671875000000025
0 0.6631874999999999 0.182296875 0.07639583333333325 0.02778125
0 0.6585625 0.114578125 0.07175000000000012 0.03471875
0 0.9814791666666667 0.357640625 0.03704166666666661 0.0381875
0 0.9490833333333334 0.2578125 0.07870833333333328 0.0399375
0 0.9027708333333333 0.177078125 0.07870833333333328 0.0381875
0 0.8680625000000001 0.10590625000000001 0.06481250000000002 0.03125