0 0.20370833333333332 0.4375 0.06481250000000002 0.02778124999999996
0 0.18170833333333333 0.486984375 0.0625 0.02951562499999998
0 0.15972916666666667 0.55034375 0.07870833333333334 0.03818750000000008
0 0.10185416666666666 0.6423593750000001 0.08795833333333333 0.041671874999999935
0 0.4120416666666667 0.432296875 0.055562500000000035 0.03125
0 0.41783333333333333 0.484375 0.06712500000000006 0.024312499999999914
0 0.4120416666666667 0.5486093750000001 0.06943749999999997 0.02778124999999996
0 0.40277083333333336 0.63715625 0.08333333333333333 0.041671874999999935
0 0.6412083333333333 0.4296875 0.06481250000000002 0.026046874999999935
0 0.65625 0.48090625 0.0625 0.020828125000000065
0 0.6817083333333334 0.54340625 0.07175000000000012 0.03125
0 0.7083333333333334 0.6310781249999999 0.08795833333333339 0.03993749999999992
0 0.8472291666666667 0.420140625 0.06481250000000002 0.02778124999999996
0 0.8935208333333333 0.4765625 0.06943750000000008 0.02951562499999998
0 0.9548541666666667 0.5390625 0.07639583333333325 0.026046874999999935