0 0.018520833333333334 0.126734375 0.03704166666666667 0.02778125
0 0.27777083333333336 0.126734375 0.07408333333333333 0.03471875
0 0.276625 0.259546875 0.08564583333333337 0.0399375
0 0.2627291666666667 0.421 0.0856458333333333 0.05034375000000004
0 0.22685416666666666 0.65625 0.10647916666666664 0.0625
0 0.5949166666666666 0.12934375 0.06943750000000008 0.032984375000000024
0 0.8784791666666667 0.12065624999999999 0.0625 0.032984375000000024
0 0.603 0.263890625 0.07639583333333325 0.0381875
0 0.9236041666666667 0.2665 0.07408333333333346 0.032984375000000024
0 0.6226875 0.432296875 0.07870833333333328 0.048609375000000024
0 0.9756874999999999 0.4305625 0.048604166666666754 0.048609375000000024
0 0.6423541666666667 0.65971875 0.09954166666666661 0.06596875000000005