0 0.027604166666666666 0.8043437499999999 0.05520833333333333 0.03726562499999995
0 0.08764583333333334 0.6713125 0.07039583333333335 0.025874999999999915
0 0.12214583333333333 0.589015625 0.062104166666666655 0.022781250000000065
0 0.15389583333333334 0.519671875 0.05383333333333334 0.020703125
0 0.36991666666666667 0.516046875 0.05797916666666663 0.01967187500000005
0 0.3712916666666667 0.585921875 0.05797916666666663 0.024843749999999963
0 0.36024999999999996 0.674421875 0.07177083333333331 0.027953124999999978
0 0.33470833333333333 0.80278125 0.08695833333333335 0.03623437500000008
0 0.6211041666666667 0.5113749999999999 0.046937499999999945 0.016562500000000036
0 0.6307708333333333 0.580734375 0.06072916666666662 0.020703125
0 0.6514791666666666 0.6718437500000001 0.06902083333333332 0.02898437499999993
0 0.6721874999999999 0.79346875 0.08833333333333329 0.03415625000000002
0 0.8447083333333333 0.49948437500000004 0.05245833333333323 0.023812500000000014
0 0.88475 0.575046875 0.06350000000000004 0.030015625000000056
0 0.9530625 0.6635625 0.07866666666666665 0.02692187500000003
0 0.994125 0.782609375 0.011749999999999972 0.02692187500000003