0 0.03095833333333333 0.276859375 0.06191666666666666 0.033296875000000004
0 0.07652083333333333 0.159015625 0.06891666666666667 0.02890625
0 0.09754166666666667 0.07271875 0.05725000000000001 0.022781249999999996
0 0.11447916666666667 0.007453125 0.056062499999999994 0.014890625000000001
0 0.3060625 0.28385937499999997 0.0700833333333333 0.033296875000000004
0 0.32358333333333333 0.16559375 0.06308333333333328 0.024531249999999984
0 0.32766666666666666 0.079734375 0.05489583333333338 0.022781249999999996
0 0.32358333333333333 0.007453125 0.05139583333333337 0.014890625000000001
0 0.5899166666666668 0.284734375 0.0700833333333333 0.03504687500000001
0 0.5829166666666666 0.17346875 0.060749999999999936 0.02628124999999999
0 0.5683125 0.084109375 0.05489583333333338 0.021031250000000012
0 0.5653958333333333 0.008765624999999999 0.049062499999999905 0.017515625
0 0.8913125 0.287359375 0.0747708333333333 0.031546874999999995
0 0.8475 0.17303125 0.06425000000000007 0.025406249999999984
0 0.8031041666666667 0.086734375 0.05725000000000004 0.022781249999999996
0 0.7791666666666667 0.007015625 0.05841666666666659 0.014015625000000004