0 0.23610416666666667 0.33073437499999997 0.06943750000000003 0.012156249999999957
0 0.21295833333333333 0.36198437499999997 0.05091666666666666 0.01909375000000004
0 0.192125 0.404515625 0.05091666666666666 0.01735937500000002
0 0.13658333333333333 0.467875 0.06481250000000001 0.01909375000000004
0 0.40972916666666664 0.466140625 0.06018749999999997 0.01909375000000004
0 0.4247708333333333 0.403640625 0.048604166666666636 0.01909375000000004
0 0.4247708333333333 0.36457812500000003 0.048604166666666636 0.01735937500000002
0 0.42310416666666667 0.32925 0.041562499999999974 0.01004687500000001
0 0.6432291666666666 0.32778125 0.044916666666666556 0.011593750000000024
0 0.6520625 0.362015625 0.043437500000000046 0.014906250000000032
0 0.6715833333333333 0.40565625 0.05008333333333326 0.014906249999999987
0 0.6892499999999999 0.46253124999999995 0.06037500000000004 0.01821874999999995
0 0.97275 0.4575625 0.05449999999999993 0.01932812500000001
0 0.9230416666666666 0.4020625 0.05964583333333332 0.015468749999999965
0 0.8703958333333334 0.35953124999999997 0.048604166666666754 0.012156249999999957
0 0.8368958333333333 0.3228125 0.047875000000000036 0.010500000000000042