0 0.09027083333333333 0.33159375 0.0601875 0.03471874999999995
0 0.057875 0.431421875 0.0694375 0.036453125000000065
0 0.0335625 0.549484375 0.067125 0.036453125000000065
0 0.33564583333333337 0.329 0.06943749999999997 0.026046875000000025
0 0.3333333333333333 0.4296875 0.06943749999999997 0.02951562499999998
0 0.32175 0.5555625 0.08795833333333339 0.041671874999999935
0 0.29283333333333333 0.739578125 0.09491666666666668 0.05556250000000009
0 0.6087916666666667 0.32725 0.06481250000000002 0.02951562499999998
0 0.6192083333333334 0.427953125 0.07175000000000012 0.02951562499999998
0 0.6400416666666667 0.5607656249999999 0.0810208333333333 0.045140624999999976
0 0.6608750000000001 0.73525 0.08564583333333337 0.046875
0 0.8587916666666667 0.3203125 0.06943750000000008 0.026046875000000025
0 0.897 0.4296875 0.07174999999999988 0.032984375000000024
0 0.9629583333333334 0.5555625 0.07408333333333322 0.041671874999999935