0 0.03241666666666667 0.08159374999999999 0.0648125 0.03471875
0 0.29283333333333333 0.079859375 0.0810208333333333 0.02778125
0 0.5845 0.080734375 0.0810208333333333 0.032984374999999996
0 0.8472291666666667 0.07378124999999999 0.07408333333333346 0.029515625
0 0.024312500000000004 0.1796875 0.048604166666666664 0.0399375
0 0.29514583333333333 0.18315625 0.07639583333333337 0.036453124999999975
0 0.28818750000000004 0.3055625 0.0810208333333333 0.0381875
0 0.26389583333333333 0.48784375 0.09722916666666664 0.05903124999999996
0 0.6423541666666667 0.482640625 0.09027083333333343 0.05903124999999996
0 0.6192083333333334 0.314234375 0.0810208333333333 0.048609375000000024
0 0.5972291666666667 0.184890625 0.07408333333333346 0.04340625
0 0.9583333333333334 0.30903125 0.08333333333333333 0.045140624999999976
0 0.88425 0.18315625 0.07870833333333328 0.036453124999999975