0 0.19908333333333333 0.552078125 0.11575 0.07292187499999994
0 0.24075 0.314234375 0.0972291666666667 0.052078124999999975
0 0.2557916666666667 0.154515625 0.0810208333333333 0.045140625000000024
0 0.25925 0.029515625 0.06943749999999997 0.0381875
0 0.6493125000000001 0.546 0.09954166666666661 0.06770312500000006
0 0.6296250000000001 0.32551562500000003 0.08795833333333339 0.0538125
0 0.6053333333333334 0.161453125 0.07639583333333325 0.045140625000000024
0 0.5960625 0.029515625 0.07639583333333325 0.0381875
0 0.8877291666666667 0.022562499999999996 0.06712500000000006 0.03471875
0 0.9432916666666666 0.158859375 0.09027083333333343 0.04340625
0 0.9918958333333333 0.31770312500000003 0.016208333333333276 0.0381875