0 0.03704166666666667 0.420140625 0.07408333333333333 0.03818750000000008
0 0.07639583333333334 0.30729687499999997 0.07408333333333333 0.03125
0 0.10879166666666666 0.21787499999999999 0.060187499999999984 0.026046875000000025
0 0.30902083333333336 0.596359375 0.0902708333333333 0.05034375000000004
0 0.34722916666666664 0.42275 0.0787083333333334 0.032984375000000024
0 0.3587916666666667 0.30815625 0.06943749999999997 0.02951562499999998
0 0.3645833333333333 0.21614062500000003 0.0625 0.026046875000000025
0 0.7025416666666667 0.592875 0.08564583333333337 0.057296874999999935
0 0.6840208333333333 0.432296875 0.07174999999999988 0.041671874999999935
0 0.6608750000000001 0.30903125 0.0625 0.03125
0 0.6493125000000001 0.21440625 0.05324999999999989 0.026046875000000025
0 0.90625 0.20573437499999997 0.05324999999999989 0.026046875000000025
0 0.9537083333333333 0.30903125 0.06018749999999997 0.03125