0 0.03333333333333333 0.0125 0.06666666666666667 0.025
0 0.01875 0.09765625 0.0375 0.0296875
0 0.290625 0.0140625 0.06458333333333334 0.028125
0 0.28472916666666664 0.107640625 0.07408333333333333 0.04167187499999999
0 0.26389583333333333 0.2421875 0.0925833333333333 0.0538125
0 0.6087916666666667 0.23957812500000003 0.09258333333333345 0.041671875000000025
0 0.9606458333333333 0.23784375 0.07870833333333328 0.0555625
0 0.5914375 0.11284374999999999 0.0625 0.0381875
0 0.5729166666666666 0.013890625 0.0625 0.02778125
0 0.8483750000000001 0.01215625 0.0625 0.0243125
0 0.9050833333333334 0.106765625 0.07408333333333346 0.03645312500000001