0 0.1851875 0.5217031249999999 0.120375 0.078125
0 0.22454166666666667 0.28559375 0.0972291666666667 0.057296875000000025
0 0.24768749999999998 0.126734375 0.0833333333333333 0.05207812500000002
0 0.24189583333333334 0.01215625 0.0763958333333333 0.0243125
0 0.6458333333333334 0.51909375 0.1064791666666667 0.07639062499999998
0 0.6238333333333334 0.29426562500000003 0.09027083333333343 0.0711875
0 0.5995416666666666 0.135421875 0.09258333333333345 0.05207812500000002
0 0.5891249999999999 0.013890625 0.08564583333333337 0.02778125
0 0.8935208333333333 0.010421875 0.08795833333333339 0.020828125000000003
0 0.9409791666666667 0.134546875 0.10416666666666667 0.0538125
0 0.9849583333333333 0.29340625 0.030083333333333448 0.048609375000000024