0 0.06366666666666668 0.342875 0.09491666666666668 0.036453124999999975
0 0.11227083333333333 0.24131249999999999 0.07175 0.03125
0 0.13193749999999999 0.166671875 0.06943750000000001 0.024312500000000004
0 0.15972916666666667 0.104171875 0.05556249999999999 0.03125
0 0.34258333333333335 0.34809375 0.08333333333333333 0.05034374999999995
0 0.36110416666666667 0.2421875 0.06943749999999997 0.0399375
0 0.36341666666666667 0.166671875 0.06481250000000002 0.03471875
0 0.36341666666666667 0.1024375 0.06018749999999997 0.02778125
0 0.6377291666666667 0.34635937499999997 0.0810208333333333 0.046875
0 0.6215208333333333 0.248265625 0.07174999999999988 0.03471875000000004
0 0.6041666666666666 0.169265625 0.06018749999999997 0.032984374999999976
0 0.5972291666666667 0.10590625000000001 0.05556249999999992 0.02778125
0 0.9421250000000001 0.34375 0.07870833333333328 0.048609375000000024
0 0.8900416666666667 0.24131249999999999 0.06712500000000006 0.041671875000000025
0 0.8425833333333334 0.165796875 0.06481250000000002 0.029515625000000024
0 0.8101875 0.096359375 0.050916666666666784 0.02951562500000001