0 0.07647916666666667 0.15228124999999998 0.06343750000000001 0.02003124999999999
0 0.04408333333333333 0.252953125 0.06945833333333334 0.024046874999999978
0 0.022708333333333334 0.3774375 0.04541666666666667 0.03456250000000001
0 0.2748333333333333 0.56853125 0.0888333333333333 0.03806250000000002
0 0.30822916666666667 0.3862031249999999 0.07279166666666666 0.030046874999999983
0 0.3219166666666667 0.26096875 0.06812499999999998 0.02904687499999996
0 0.32458333333333333 0.15653125 0.056104166666666684 0.021531250000000002
0 0.6087708333333333 0.16104687499999998 0.05141666666666656 0.02754687499999999
0 0.8605416666666666 0.15728124999999998 0.06343750000000009 0.023046875
0 0.8956041666666666 0.272234375 0.06679166666666655 0.02954687500000004
0 0.6127708333333334 0.267484375 0.06343750000000009 0.03004687500000003
0 0.6287916666666666 0.39896875 0.06879166666666663 0.030562500000000003
0 0.9540416666666667 0.40196875 0.0768125 0.03556249999999998
0 0.6408124999999999 0.57328125 0.08347916666666677 0.045578124999999935
0 0.9878750000000001 0.57628125 0.024249999999999973 0.042578125